Acc_x,Acc_y,Acc_z
-0.16,0.95,0.03
-0.16,0.95,0.04
-0.16,0.94,0.06
-0.16,0.94,0.07
-0.16,0.93,0.08
-0.16,0.93,0.1
-0.15,0.93,0.12
-0.15,0.92,0.14
-0.14,0.91,0.15
-0.15,0.9,0.16
-0.15,0.91,0.17
-0.16,0.91,0.18
-0.17,0.93,0.18
-0.18,0.95,0.17
-0.17,0.95,0.18
-0.16,0.96,0.18
-0.16,0.96,0.2
-0.17,0.95,0.23
-0.17,0.96,0.25
-0.18,0.97,0.25
-0.19,0.99,0.24
-0.21,0.99,0.23
-0.23,0.98,0.23
-0.26,0.96,0.25
-0.3,0.94,0.28
-0.32,0.93,0.34
-0.31,0.9,0.36
-0.31,0.88,0.37
-0.31,0.87,0.36
-0.31,0.86,0.37
-0.33,0.84,0.37
-0.35,0.83,0.36
-0.37,0.82,0.36
-0.38,0.81,0.37
-0.4,0.81,0.38
-0.41,0.81,0.38
-0.41,0.8,0.38
-0.4,0.8,0.37
-0.39,0.8,0.35
-0.39,0.79,0.33
-0.41,0.79,0.31
-0.45,0.8,0.26
-0.49,0.81,0.23
-0.51,0.81,0.22
-0.53,0.79,0.23
-0.53,0.79,0.25
-0.52,0.77,0.26
-0.54,0.75,0.25
-0.56,0.75,0.24
-0.58,0.76,0.24
-0.64,0.67,0.27
-0.55,0.43,0.22
-0.82,0.76,0.23
-0.81,0.62,0.21
-0.8,0.72,0.17
-0.87,0.81,0.18
-0.84,0.79,0.21
-0.78,0.77,0.24
-0.72,0.76,0.25
-0.67,0.74,0.25
-0.59,0.75,0.24
-0.57,0.77,0.23
-0.58,0.79,0.23
-0.59,0.8,0.22
-0.58,0.8,0.21
-0.55,0.8,0.21
-0.51,0.82,0.22
-0.5,0.82,0.24
-0.48,0.81,0.27
-0.44,0.82,0.27
-0.41,0.82,0.27
-0.41,0.82,0.28
-0.4,0.83,0.29
-0.42,0.84,0.28
-0.44,0.82,0.27
-0.45,0.82,0.28
-0.47,0.86,0.27
-0.41,0.9,0.2
-0.32,0.88,0.24
-0.31,0.93,0.23
-0.19,0.97,0.2
-0.31,0.75,0.23
-0.51,0.49,0.29
-0.43,0.63,0.29
-0.38,0.76,0.29
-0.41,0.72,0.33
-0.56,0.74,0.4
-0.63,0.78,0.43
-0.65,0.79,0.45
-0.75,0.76,0.51
-0.72,0.79,0.53
-0.58,0.79,0.58
-0.58,0.72,0.65
-0.65,0.71,0.65
-0.69,0.71,0.65
-0.76,0.7,0.65
-0.78,0.72,0.69
-0.77,0.76,0.69
-0.76,0.74,0.68
-0.72,0.71,0.68
-0.71,0.71,0.66
-0.73,0.72,0.66
-0.73,0.72,0.69
-0.68,0.71,0.7
-0.66,0.68,0.72
-0.64,0.68,0.71
-0.62,0.64,0.75
-0.57,0.63,0.75
-0.46,0.64,0.7
-0.39,0.63,0.71
-0.35,0.63,0.7
-0.32,0.63,0.7
-0.3,0.64,0.69
-0.29,0.64,0.68
-0.31,0.67,0.69
-0.33,0.72,0.7
-0.34,0.74,0.7
-0.34,0.75,0.69
-0.31,0.78,0.68
-0.26,0.78,0.68
-0.22,0.78,0.7
-0.22,0.8,0.73
-0.18,0.83,0.74
-0.11,0.84,0.73
-0.06,0.85,0.72
-0.02,0.83,0.71
0.02,0.83,0.72
0.05,0.82,0.7
0.04,0.8,0.65
0.01,0.8,0.59
0,0.8,0.51
0.06,0.78,0.49
0.1,0.77,0.48
0.11,0.76,0.45
0.12,0.74,0.41
0.13,0.78,0.37
0.11,0.79,0.34
0.09,0.77,0.32
0.09,0.78,0.3
0.09,0.78,0.27
0.08,0.76,0.25
0.06,0.76,0.22
0.02,0.78,0.19
-0.02,0.79,0.17
-0.02,0.8,0.15
-0.02,0.8,0.12
-0.02,0.81,0.09
-0.03,0.81,0.07
-0.06,0.82,0.05
-0.09,0.84,0.05
-0.12,0.86,0.04
-0.14,0.89,0.04
-0.18,0.91,0.02
-0.22,0.92,0.01
-0.25,0.95,0
-0.25,0.96,-0.01
-0.27,0.95,-0.03
-0.31,0.93,-0.05
-0.32,0.91,-0.07
-0.33,0.91,-0.09
-0.32,0.9,-0.11
-0.31,0.88,-0.13
-0.31,0.87,-0.15
-0.32,0.87,-0.18
-0.32,0.86,-0.2
-0.33,0.86,-0.22
-0.35,0.88,-0.24
-0.36,0.9,-0.24
-0.38,0.9,-0.25
-0.39,0.92,-0.24
-0.4,0.92,-0.24
-0.4,0.91,-0.24
-0.4,0.9,-0.23
-0.39,0.89,-0.22
-0.38,0.88,-0.22
-0.37,0.87,-0.21
-0.35,0.85,-0.21
-0.37,0.85,-0.21
-0.41,0.87,-0.22
-0.42,0.87,-0.22
-0.38,0.83,-0.23
-0.36,0.79,-0.23
-0.35,0.75,-0.23
-0.35,0.68,-0.23
-0.35,0.66,-0.24
-0.34,0.64,-0.23
-0.34,0.64,-0.22
-0.4,0.69,-0.2
-0.48,0.77,-0.16
-0.51,0.82,-0.13
-0.46,0.81,-0.11
-0.39,0.76,-0.11
-0.35,0.68,-0.1
-0.37,0.6,-0.07
-0.41,0.52,-0.04
-0.43,0.48,-0.02
-0.4,0.45,-0.01
-0.36,0.41,-0.01
-0.32,0.37,-0.02
-0.31,0.35,-0.03
-0.3,0.36,-0.05
-0.27,0.35,-0.08
-0.19,0.3,-0.12
-0.12,0.22,-0.13
-0.15,0.13,-0.09
-0.27,0.1,0.02
-0.37,0.12,0.14
-0.37,0.08,0.22
-0.31,0.06,0.28
-0.19,0.23,0.36
-0.16,0.34,0.37
-0.15,0.41,0.36
-0.16,0.42,0.36
-0.16,0.42,0.41
-0.14,0.41,0.46
-0.13,0.4,0.49
-0.1,0.42,0.51
-0.05,0.45,0.54
-0.02,0.48,0.54
0.01,0.49,0.55
0.06,0.47,0.59
0.11,0.42,0.66
0.18,0.38,0.76
0.21,0.35,0.84
0.19,0.32,0.86
0.16,0.31,0.84
0.22,0.26,0.79
0.35,0.19,0.8
0.55,0.1,0.91
0.74,-0.02,1.05
0.82,-0.13,1.12
0.82,-0.16,1.06
0.81,-0.14,0.95
0.81,-0.13,0.87
0.81,-0.18,0.84
0.85,-0.46,1.05
0.94,-0.6,1.19
1,-0.7,1.2
1.05,-0.71,1.1
1.08,-0.68,0.95
1.07,-0.68,0.79
1.07,-0.69,0.64
1.08,-0.75,0.6
1.16,-0.88,0.7
1.26,-1.02,0.88
1.32,-1.15,1.03
1.36,-1.23,1.08
1.36,-1.23,1.04
1.33,-1.19,0.94
1.33,-1.15,0.82
1.42,-1.11,0.73
1.48,-0.89,0.71
1.5,-0.85,0.66
1.49,-0.93,0.58
1.43,-0.82,0.54
1.37,-0.76,0.52
1.3,-0.69,0.5
1.22,-0.6,0.47
1.17,-0.55,0.42
1.16,-0.51,0.4
1.12,-0.44,0.4
1.05,-0.29,0.52
1.12,-0.3,0.61
1.18,-0.32,0.7
1.18,-0.36,0.76
1.13,-0.39,0.74
1.06,-0.43,0.65
1,-0.51,0.59
0.92,-0.57,0.55
0.83,-0.64,0.57
0.79,-0.81,0.59
0.82,-0.98,0.58
0.82,-1.06,0.6
0.76,-1.1,0.61
0.71,-1.18,0.59
0.65,-1.25,0.56
0.6,-1.27,0.51
0.57,-1.25,0.47
0.56,-1.22,0.45
0.55,-1.19,0.46
0.53,-1.13,0.46
0.5,-1.06,0.46
0.5,-1,0.43
0.52,-0.96,0.4
0.54,-0.91,0.4
0.55,-0.86,0.41
0.56,-0.84,0.44
0.57,-0.82,0.53
0.6,-0.82,0.55
0.64,-0.81,0.56
0.72,-0.82,0.56
0.79,-0.83,0.58
0.81,-0.84,0.63
0.82,-0.84,0.68
0.83,-0.85,0.73
0.84,-0.85,0.77
0.86,-0.85,0.76
0.9,-0.85,0.75
0.94,-0.86,0.76
0.96,-0.86,0.76
0.98,-0.85,0.76
0.97,-0.85,0.78
0.97,-0.85,0.8
0.97,-0.83,0.83
0.97,-0.83,0.87
0.97,-0.83,0.9
0.97,-0.83,0.92
0.97,-0.82,0.93
0.99,-0.86,0.93
1.01,-0.92,0.9
1.02,-0.97,0.86
1.02,-1,0.83
1.04,-1.02,0.81
1.05,-1.03,0.85
1.01,-1,0.9
1.01,-0.98,0.92
1.01,-0.98,0.92
1,-0.99,0.9
0.98,-0.99,0.89
0.96,-0.96,0.91
0.95,-0.91,0.96
0.95,-0.85,1.01
0.94,-0.82,1.05
0.93,-0.82,1.06
0.91,-0.83,1.06
0.87,-0.82,1.04
0.84,-0.8,1.02
0.81,-0.75,1
0.79,-0.7,0.96
0.76,-0.67,0.93
0.74,-0.65,0.92
0.71,-0.64,0.91
0.67,-0.61,0.89
0.62,-0.58,0.85
0.59,-0.52,0.8
0.56,-0.46,0.77
0.54,-0.42,0.75
0.52,-0.38,0.73
0.49,-0.34,0.71
0.46,-0.31,0.69
0.36,-0.23,0.65
0.33,-0.15,0.62
0.33,-0.09,0.58
0.33,-0.05,0.56
0.31,-0.03,0.53
0.29,0.01,0.49
0.26,0.08,0.45
0.25,0.14,0.45
0.28,0.2,0.51
0.27,0.21,0.5
0.27,0.21,0.48
0.26,0.21,0.47
0.27,0.23,0.4
0.29,0.29,0.34
0.27,0.31,0.3
0.24,0.31,0.27
0.21,0.32,0.25
0.2,0.32,0.22
0.16,0.33,0.18
0.12,0.37,0.13
0.09,0.43,0.09
0.08,0.48,0.06
0.1,0.54,0.03
0.11,0.58,0.01
0.09,0.58,-0.01
0.08,0.55,-0.05
0.04,0.57,-0.05
-0.06,0.59,-0.04
-0.09,0.6,-0.06
-0.14,0.64,-0.1
-0.19,0.68,-0.14
-0.24,0.7,-0.17
-0.27,0.71,-0.19
-0.29,0.72,-0.21
-0.32,0.72,-0.22
-0.34,0.73,-0.23
-0.35,0.73,-0.24
-0.38,0.72,-0.24
-0.42,0.74,-0.25
-0.48,0.78,-0.25
-0.5,0.82,-0.25
-0.5,0.83,-0.26
-0.52,0.85,-0.25
-0.53,0.86,-0.25
-0.53,0.87,-0.24
-0.53,0.86,-0.24
-0.52,0.87,-0.24
-0.54,0.88,-0.23
-0.58,0.91,-0.23
-0.59,0.94,-0.23
-0.57,0.94,-0.23
-0.55,0.94,-0.22
-0.54,0.92,-0.2
-0.53,0.91,-0.18
-0.52,0.9,-0.17
-0.52,0.89,-0.17
-0.51,0.88,-0.16
-0.49,0.86,-0.16
-0.47,0.85,-0.16
-0.46,0.83,-0.16
-0.44,0.8,-0.16
-0.43,0.78,-0.16
-0.42,0.77,-0.15
-0.42,0.77,-0.14
-0.42,0.77,-0.12
-0.43,0.76,-0.11
-0.43,0.75,-0.1
-0.43,0.74,-0.1
-0.43,0.72,-0.1
-0.43,0.7,-0.11
-0.42,0.68,-0.11
-0.42,0.66,-0.11
-0.4,0.64,-0.11
-0.38,0.62,-0.1
-0.36,0.59,-0.08
-0.34,0.56,-0.06
-0.32,0.53,-0.04
-0.31,0.49,-0.03
-0.3,0.47,-0.03
-0.3,0.43,-0.04
-0.29,0.42,-0.05
-0.26,0.4,-0.05
-0.23,0.39,-0.04
-0.23,0.36,-0.03
-0.26,0.33,-0.02
-0.31,0.32,0
-0.36,0.32,0.01
-0.4,0.34,0.01
-0.41,0.36,0.01
-0.4,0.38,0.03
-0.35,0.37,0.05
-0.27,0.35,0.08
-0.18,0.3,0.11
-0.11,0.22,0.14
-0.06,0.16,0.17
-0.02,0.11,0.18
0.02,0.08,0.2
0.02,0.02,0.3
0.03,-0.05,0.41
0.11,-0.13,0.44
0.31,-0.23,0.45
0.58,-0.37,0.46
0.82,-0.54,0.51
0.97,-0.71,0.63
1.02,-0.83,0.87
0.93,-0.88,0.9
0.93,-0.75,0.92
0.96,-0.95,0.88
1.05,-1.2,0.95
1.06,-1.04,1.11
1.01,-0.97,1.16
1,-1.01,1.18
1.02,-1.06,1.2
1.06,-1.09,1.19
1.08,-1.08,1.18
1.07,-1.08,1.18
1.03,-1.06,1.16
1.01,-1.01,1.16
1,-1,1.16
0.98,-1.03,1.14
0.95,-1.01,1.13
0.94,-1,1.13
0.93,-1.05,1.1
0.87,-1.07,1.07
0.85,-1.02,1.07
0.86,-0.95,1.03
0.88,-0.98,0.93
0.86,-1.03,0.84
0.82,-1.03,0.77
0.81,-1.01,0.7
0.82,-1.04,0.64
0.86,-1.06,0.68
0.87,-1.1,0.67
0.91,-1.06,0.6
0.86,-0.94,0.53
0.84,-0.88,0.48
0.84,-0.92,0.46
0.86,-0.95,0.49
0.86,-1.08,0.46
0.91,-1.15,0.57
0.84,-0.94,0.77
0.74,-0.98,0.81
0.8,-1.03,0.84
0.83,-1.02,0.84
0.85,-0.96,0.82
0.8,-0.89,0.83
0.79,-0.96,0.85
0.78,-0.95,0.84
0.77,-0.95,0.81
0.88,-0.92,0.77
0.9,-0.85,0.78
0.83,-0.85,0.79
0.82,-0.87,0.77
0.84,-0.89,0.73
0.86,-0.91,0.69
0.86,-0.93,0.65
0.82,-0.94,0.61
0.73,-0.95,0.58
0.71,-0.93,0.54
0.69,-0.92,0.5
0.69,-0.94,0.49
0.69,-0.95,0.5
0.68,-0.95,0.52
0.67,-0.95,0.52
0.67,-0.96,0.51
0.65,-0.97,0.53
0.64,-0.97,0.54
0.64,-0.95,0.54
0.64,-0.94,0.55
0.67,-0.94,0.58
0.71,-0.96,0.61
0.74,-1,0.63
0.75,-1.02,0.65
0.76,-1.01,0.66
0.78,-1,0.69
0.78,-1,0.74
0.77,-1.02,0.8
0.78,-1.03,0.82
0.8,-1.05,0.82
0.84,-1.05,0.82
0.87,-1.03,0.81
0.92,-1.05,0.83
1.01,-1.1,0.86
1.09,-1.06,0.88
1.13,-1.06,0.88
1.08,-1.05,0.91
1.01,-1.06,0.95
0.95,-1.1,0.95
0.95,-1.13,0.92
0.95,-1.15,0.87
0.94,-1.16,0.83
0.94,-1.16,0.86
0.95,-1.16,0.95
0.94,-1.17,1
0.9,-1.15,0.97
0.85,-1.12,0.95
0.82,-1.09,0.95
0.8,-1.09,0.97
0.77,-1.1,0.97
0.74,-1.07,0.94
0.73,-1.03,0.93
0.72,-1,0.95
0.7,-0.99,0.97
0.67,-0.98,0.93
0.63,-0.95,0.88
0.62,-0.91,0.84
0.61,-0.86,0.83
0.6,-0.8,0.83
0.61,-0.75,0.83
0.63,-0.69,0.81
0.58,-0.65,0.76
0.55,-0.58,0.69
0.53,-0.51,0.66
0.49,-0.46,0.7
0.46,-0.4,0.67
0.46,-0.27,0.67
0.42,-0.24,0.69
0.46,-0.34,0.66
0.53,-0.21,0.65
0.41,-0.05,0.68
0.31,-0.02,0.74
0.3,-0.02,0.63
0.38,0.02,0.52
0.4,0.18,0.59
0.23,0.19,0.57
0.2,0.12,0.48
0.27,0.16,0.44
0.3,0.25,0.49
0.28,0.27,0.48
0.26,0.24,0.34
0.28,0.27,0.3
0.29,0.3,0.29
0.24,0.29,0.28
0.17,0.24,0.26
0.07,0.3,0.25
0.03,0.41,0.21
0.1,0.38,0.19
0.12,0.39,0.17
0.1,0.43,0.14
0.07,0.45,0.12
0.06,0.47,0.08
0.03,0.51,0.05
0,0.56,0.02
-0.04,0.59,-0.01
-0.07,0.61,-0.03
-0.11,0.61,-0.04
-0.16,0.64,-0.05
-0.21,0.68,-0.07
-0.25,0.71,-0.09
-0.27,0.72,-0.11
-0.3,0.73,-0.14
-0.33,0.73,-0.18
-0.37,0.74,-0.2
-0.42,0.75,-0.22
-0.44,0.75,-0.25
-0.47,0.75,-0.28
-0.52,0.78,-0.3
-0.57,0.82,-0.32
-0.58,0.82,-0.33
-0.58,0.81,-0.33
-0.58,0.79,-0.34
-0.6,0.78,-0.34
-0.63,0.79,-0.35
-0.65,0.8,-0.36
-0.66,0.82,-0.37
-0.66,0.82,-0.38
-0.66,0.81,-0.39
-0.66,0.81,-0.39
-0.66,0.8,-0.38
-0.65,0.79,-0.38
-0.64,0.78,-0.38
-0.63,0.78,-0.38
-0.63,0.79,-0.38
-0.62,0.81,-0.36
-0.6,0.82,-0.34
-0.58,0.82,-0.33
-0.57,0.82,-0.31
-0.56,0.81,-0.3
-0.54,0.81,-0.29
-0.52,0.8,-0.27
-0.5,0.78,-0.26
-0.48,0.77,-0.25
-0.47,0.76,-0.23
-0.45,0.76,-0.21
-0.42,0.76,-0.19
-0.39,0.75,-0.17
-0.37,0.73,-0.16
-0.34,0.7,-0.16
-0.3,0.66,-0.17
-0.29,0.67,-0.17
-0.29,0.69,-0.16
-0.28,0.72,-0.14
-0.26,0.73,-0.11
-0.25,0.73,-0.08
-0.23,0.72,-0.06
-0.23,0.68,-0.04
-0.22,0.64,-0.02
-0.21,0.63,0.02
-0.18,0.6,0.08
-0.13,0.54,0.14
-0.09,0.46,0.2
-0.06,0.37,0.24
-0.05,0.32,0.26
-0.04,0.31,0.26
-0.03,0.35,0.26
-0.04,0.4,0.27
-0.03,0.4,0.28
-0.01,0.35,0.28
0,0.29,0.3
-0.01,0.22,0.32
-0.01,0.17,0.36
0,0.17,0.44
0.04,0.22,0.53
0.1,0.27,0.57
0.24,0.26,0.55
0.27,0.2,0.53
0.27,0.14,0.54
0.25,0.1,0.57
0.23,0.12,0.61
0.26,0.19,0.67
0.35,0.23,0.69
0.48,0.21,0.68
0.58,0.15,0.68
0.6,0.08,0.7
0.56,0.02,0.76
0.51,-0.02,0.8
0.48,-0.03,0.8
0.49,-0.03,0.78
0.55,-0.06,0.75
0.63,-0.11,0.74
0.69,-0.18,0.8
0.72,-0.26,0.89
0.73,-0.31,0.95
0.74,-0.33,0.98
0.72,-0.33,0.96
0.69,-0.31,0.9
0.68,-0.31,0.86
0.71,-0.34,0.85
0.75,-0.41,0.9
0.79,-0.53,1.02
0.81,-0.69,1.08
0.9,-0.72,1.05
0.88,-0.7,0.98
0.87,-0.68,0.87
0.88,-0.73,0.79
0.88,-0.78,0.77
0.88,-0.83,0.81
0.91,-0.9,0.92
0.82,-0.95,1.02
0.92,-1.04,1.08
1.06,-1,1.06
1.04,-0.92,0.8
0.95,-0.88,1.16
0.3,-1.04,1.25
0.73,-1.02,0.46
2.08,-0.98,0.29
1.84,-0.98,0.64
0.91,-0.73,0.95
0.72,-0.76,1.13
1.04,-0.85,1.19
1.25,-1.06,1.2
1.27,-1.09,0.97
1.29,-0.89,0.61
1.24,-0.88,0.42
1.07,-0.86,0.4
0.86,-0.85,0.48
0.69,-0.84,0.62
0.6,-0.85,0.62
0.55,-0.84,0.45
0.77,-0.98,0.44
0.91,-1.07,0.52
0.79,-0.92,0.47
0.85,-0.86,0.46
0.83,-0.88,0.4
0.77,-0.88,0.39
0.69,-0.88,0.37
0.62,-0.89,0.39
0.58,-0.89,0.41
0.57,-0.88,0.42
0.58,-0.89,0.43
0.59,-0.9,0.45
0.61,-0.89,0.46
0.62,-0.88,0.47
0.63,-0.88,0.47
0.64,-0.88,0.47
0.64,-0.86,0.47
0.63,-0.85,0.47
0.63,-0.85,0.47
0.62,-0.86,0.46
0.6,-0.86,0.46
0.57,-0.86,0.44
0.55,-0.86,0.44
0.52,-0.85,0.45
0.53,-0.84,0.45
0.52,-0.87,0.48
0.51,-0.9,0.46
0.54,-0.9,0.43
0.55,-0.89,0.45
0.57,-0.88,0.51
0.59,-0.86,0.58
0.61,-0.85,0.61
0.64,-0.83,0.6
0.64,-0.81,0.61
0.6,-0.82,0.63
0.59,-0.86,0.66
0.6,-0.91,0.68
0.62,-0.93,0.71
0.64,-0.93,0.75
0.68,-0.92,0.79
0.74,-0.95,0.84
0.79,-0.99,0.84
0.79,-0.99,0.83
0.76,-0.99,0.82
0.74,-0.99,0.84
0.66,-0.91,0.91
0.6,-0.91,1.07
0.62,-1,1.21
0.66,-1.03,1.21
0.76,-1.03,1.02
1.03,-0.91,0.97
1.08,-0.89,0.96
1.03,-0.91,0.98
0.96,-0.95,1
0.94,-0.98,1.03
0.95,-0.99,1.05
0.97,-1,1.03
0.98,-0.99,0.97
0.97,-0.98,0.91
0.98,-0.96,0.88
1,-0.92,0.89
1.01,-0.91,0.92
0.99,-0.91,0.93
0.93,-0.91,0.92
0.88,-0.9,0.88
0.84,-0.85,0.85
0.82,-0.8,0.86
0.8,-0.76,0.87
0.78,-0.71,0.87
0.76,-0.66,0.86
0.74,-0.63,0.83
0.72,-0.6,0.81
0.7,-0.57,0.83
0.68,-0.53,0.85
0.66,-0.49,0.84
0.63,-0.45,0.79
0.62,-0.39,0.77
0.61,-0.36,0.74
0.59,-0.33,0.7
0.55,-0.3,0.68
0.52,-0.27,0.68
0.47,-0.25,0.67
0.43,-0.23,0.63
0.38,-0.19,0.58
0.32,-0.12,0.54
0.26,-0.02,0.49
0.22,0.12,0.48
0.24,0.29,0.52
0.28,0.35,0.57
0.23,0.16,0.49
0.27,0.04,0.46
0.34,0.09,0.47
0.27,0.11,0.39
0.27,0.18,0.36
0.34,0.24,0.32
0.34,0.27,0.28
0.3,0.29,0.28
0.29,0.28,0.29
0.29,0.29,0.3
0.29,0.34,0.29
0.29,0.39,0.27
0.26,0.44,0.26
0.2,0.51,0.26
0.18,0.54,0.26
0.14,0.54,0.26
0.11,0.56,0.27
0.09,0.58,0.26
0.08,0.6,0.25
0.08,0.63,0.23
0.06,0.66,0.2
0.02,0.67,0.2
-0.01,0.68,0.18
-0.04,0.7,0.16
-0.08,0.71,0.14
-0.12,0.73,0.1
-0.15,0.76,0.07
-0.18,0.77,0.05
-0.21,0.79,0.03
-0.22,0.81,0.01
-0.22,0.83,-0.01
-0.25,0.84,-0.03
-0.27,0.84,-0.04
-0.28,0.83,-0.06
-0.29,0.82,-0.08
-0.31,0.83,-0.1
-0.32,0.85,-0.11
-0.33,0.86,-0.12
-0.35,0.86,-0.12
-0.37,0.87,-0.13
-0.4,0.86,-0.15
-0.4,0.86,-0.16
-0.41,0.86,-0.17
-0.41,0.87,-0.18
-0.4,0.88,-0.18
-0.4,0.88,-0.18
-0.39,0.88,-0.17
-0.38,0.86,-0.17
-0.38,0.85,-0.16
-0.38,0.83,-0.16
-0.37,0.81,-0.15
-0.36,0.8,-0.15
-0.36,0.78,-0.14
-0.35,0.76,-0.14
-0.35,0.75,-0.13
-0.35,0.73,-0.12
-0.34,0.73,-0.11
-0.33,0.74,-0.1
-0.31,0.73,-0.09
-0.3,0.7,-0.09
-0.3,0.67,-0.08
-0.33,0.66,-0.09
-0.37,0.69,-0.1
-0.38,0.74,-0.09
-0.36,0.76,-0.08
-0.32,0.73,-0.04
-0.31,0.7,-0.03
-0.32,0.69,-0.02
-0.32,0.68,-0.01
-0.3,0.68,-0.02
-0.26,0.68,-0.01
-0.21,0.67,0
-0.17,0.65,0.02
-0.14,0.61,0.04
-0.12,0.54,0.06
-0.12,0.48,0.08
-0.14,0.44,0.09
-0.16,0.43,0.09
-0.16,0.46,0.1
-0.12,0.48,0.13
-0.06,0.45,0.17
-0.01,0.41,0.19
0.03,0.38,0.19
0.05,0.33,0.21
0.06,0.26,0.24
0.07,0.21,0.28
0.12,0.22,0.3
0.19,0.3,0.35
0.22,0.35,0.47
0.21,0.33,0.6
0.2,0.26,0.71
0.19,0.17,0.81
0.15,0.02,0.81
0.15,0.05,0.78
0.18,0.13,0.76
0.28,0.16,0.73
0.41,0.13,0.7
0.56,0.11,0.66
0.7,0.09,0.66
0.78,0.03,0.72
0.84,-0.05,0.8
0.89,-0.1,0.84
0.91,-0.13,0.84
0.9,-0.15,0.8
0.91,-0.16,0.72
0.96,-0.21,0.65
1,-0.28,0.68
0.98,-0.35,0.84
0.97,-0.39,0.98
1.01,-0.44,1.02
1.05,-0.5,0.97
1.06,-0.6,0.91
1.02,-0.69,0.84
0.96,-0.8,0.84
0.91,-0.9,0.91
0.94,-0.96,0.97
1.02,-0.97,1
1.07,-1,0.96
0.93,-1.08,0.9
0.9,-1.29,0.85
0.83,-1.32,0.86
0.77,-1.32,0.87
0.69,-1.28,0.91
0.69,-1.26,0.97
0.71,-1.3,1
0.74,-1.31,0.99
0.69,-1.22,0.93
0.62,-1.21,0.85
0.62,-1.33,0.81
0.57,-1.31,0.88
0.44,-1.22,0.98
0.41,-1.17,1.05
0.53,-1.04,1.03
0.47,-1.04,0.99
0.43,-1.12,1.01
0.5,-1.11,1.01
0.52,-1.04,1
0.49,-1.02,1.04
0.57,-1.07,1.1
0.64,-1.02,1.1
0.61,-0.95,1.12
0.55,-0.92,1.15
0.53,-0.92,1.12
0.52,-0.91,1.06
0.56,-0.9,1.08
0.56,-0.91,1.1
0.57,-0.92,1.11
0.58,-0.92,1.11
0.59,-0.91,1.07
0.59,-0.92,1.02
0.56,-0.93,0.97
0.54,-0.94,0.91
0.54,-0.96,0.88
0.56,-0.98,0.89
0.58,-0.99,0.91
0.58,-1,0.94
0.58,-0.98,0.95
0.6,-0.96,0.91
0.61,-0.96,0.89
0.65,-0.95,0.9
0.7,-0.98,0.93
0.73,-1.03,0.92
0.73,-1.1,0.91
0.71,-1.13,0.92
0.68,-1.12,0.96
0.66,-1.11,0.98
0.66,-1.14,0.98
0.7,-1.19,0.97
0.74,-1.2,0.94
0.75,-1.2,0.91
0.72,-1.26,0.85
0.69,-1.26,0.83
0.67,-1.25,0.85
0.69,-1.16,0.82
0.74,-1.1,0.8
0.74,-1.11,0.84
0.73,-1.11,0.85
0.72,-1.1,0.85
0.71,-1.07,0.86
0.69,-1.03,0.88
0.69,-1,0.89
0.7,-0.97,0.91
0.69,-0.95,0.94
0.68,-0.93,0.94
0.68,-0.91,0.91
0.67,-0.86,0.9
0.66,-0.82,0.93
0.66,-0.78,0.95
0.66,-0.76,0.91
0.64,-0.72,0.86
0.63,-0.67,0.84
0.62,-0.62,0.82
0.6,-0.56,0.8
0.6,-0.52,0.8
0.63,-0.46,0.79
0.63,-0.39,0.77
0.61,-0.28,0.74
0.59,-0.23,0.75
0.6,-0.19,0.74
0.58,-0.16,0.75
0.55,-0.15,0.73
0.52,-0.07,0.68
0.53,-0.06,0.65
0.57,-0.01,0.66
0.54,0.05,0.63
0.5,0.07,0.59
0.42,0.04,0.57
0.35,-0.14,0.52
0.39,-0.08,0.53
0.4,0.18,0.57
0.38,0.25,0.6
0.41,0.16,0.6
0.41,0.18,0.54
0.34,0.25,0.46
0.3,0.27,0.41
0.29,0.31,0.37
0.27,0.35,0.36
0.23,0.36,0.34
0.21,0.36,0.34
0.18,0.39,0.34
0.15,0.46,0.35
0.15,0.47,0.34
0.15,0.43,0.28
0.08,0.46,0.25
0.03,0.49,0.21
0,0.54,0.17
0,0.57,0.15
-0.01,0.6,0.15
-0.02,0.62,0.15
-0.03,0.63,0.14
-0.07,0.63,0.12
-0.11,0.64,0.11
-0.14,0.66,0.09
-0.15,0.68,0.08
-0.16,0.7,0.07
-0.17,0.7,0.05
-0.19,0.72,0.03
-0.21,0.73,0.01
-0.22,0.75,0
-0.24,0.76,-0.02
-0.28,0.76,-0.03
-0.3,0.77,-0.04
-0.33,0.79,-0.05
-0.36,0.81,-0.06
-0.36,0.83,-0.07
-0.37,0.84,-0.09
-0.38,0.83,-0.1
-0.4,0.83,-0.12
-0.43,0.84,-0.15
-0.44,0.86,-0.17
-0.44,0.89,-0.17
-0.43,0.9,-0.16
-0.43,0.89,-0.15
-0.43,0.88,-0.15
-0.44,0.88,-0.15
-0.44,0.88,-0.16
-0.42,0.86,-0.17
-0.4,0.85,-0.18
-0.4,0.84,-0.17
-0.4,0.84,-0.15
-0.4,0.85,-0.14
-0.39,0.86,-0.14
-0.38,0.87,-0.14
-0.37,0.88,-0.14
-0.37,0.87,-0.13
-0.36,0.86,-0.12
-0.36,0.85,-0.12
-0.35,0.84,-0.11
-0.34,0.84,-0.11
-0.32,0.84,-0.1
-0.3,0.84,-0.08
-0.27,0.84,-0.06
-0.24,0.82,-0.05
-0.23,0.78,-0.04
-0.22,0.74,-0.03
-0.22,0.66,-0.04
-0.22,0.64,-0.04
-0.21,0.67,-0.04
-0.18,0.72,-0.02
-0.12,0.72,0.01
-0.08,0.68,0.04
-0.06,0.62,0.07
-0.07,0.56,0.1
-0.08,0.48,0.11
-0.1,0.41,0.11
-0.11,0.34,0.08
-0.12,0.3,0.05
-0.13,0.33,0.05
-0.1,0.4,0.1
-0.03,0.46,0.19
0.07,0.43,0.28
0.15,0.33,0.34
0.17,0.23,0.36
0.13,0.17,0.35
0.08,0.15,0.35
0.03,0.16,0.38
0.01,0.2,0.39
0.03,0.26,0.38
0.09,0.27,0.36
0.15,0.22,0.34
0.15,0.16,0.48
0.03,0.03,0.59
0.04,0,0.67
0.1,-0.01,0.7
0.19,0,0.68
0.29,0.03,0.64
0.37,0.03,0.59
0.44,-0.01,0.57
0.49,-0.09,0.66
0.51,-0.19,0.82
0.51,-0.26,0.96
0.57,-0.32,0.99
0.71,-0.39,0.89
0.76,-0.44,0.77
0.72,-0.46,0.7
0.75,-0.48,0.73
0.8,-0.56,0.89
0.86,-0.65,1.04
0.9,-0.73,1.09
0.92,-0.77,1.09
0.94,-0.76,1.07
0.93,-0.68,1.04
0.92,-0.81,0.96
0.89,-0.99,0.9
0.82,-0.99,0.89
0.79,-1.02,0.97
0.84,-1.06,1.08
0.95,-1.16,0.96
1.03,-1.21,0.88
1,-1.24,0.79
0.99,-1.25,0.74
0.98,-1.28,0.68
0.9,-1.25,0.68
0.85,-1.23,0.76
0.89,-1.28,0.81
0.92,-1.3,0.81
0.91,-1.29,0.73
0.95,-1.37,0.64
0.89,-1.3,0.67
0.74,-1.16,0.68
0.66,-1.17,0.66
0.71,-1.25,0.65
0.87,-1.28,0.66
0.83,-1.17,0.75
0.67,-1.14,0.78
0.73,-1.23,0.71
0.94,-1.3,0.69
0.91,-1.29,0.71
0.69,-1.15,0.75
0.57,-0.98,0.69
0.55,-0.98,0.68
0.75,-1.07,0.79
0.95,-1.02,0.84
0.96,-0.96,0.89
0.84,-0.99,0.9
0.86,-1.03,0.94
0.86,-0.98,0.98
0.8,-0.9,1
0.74,-0.89,1
0.7,-0.92,0.96
0.63,-0.93,0.94
0.52,-0.93,0.91
0.49,-0.95,0.88
0.49,-0.97,0.83
0.49,-0.97,0.79
0.53,-0.95,0.78
0.57,-0.96,0.78
0.59,-0.98,0.75
0.62,-1.01,0.73
0.66,-1.02,0.72
0.68,-1.04,0.71
0.67,-1.1,0.7
0.68,-1.09,0.72
0.67,-1.1,0.75
0.61,-1.17,0.76
0.57,-1.2,0.76
0.55,-1.17,0.76
0.54,-1.23,0.76
0.56,-1.23,0.74
0.6,-1.2,0.78
0.65,-1.17,0.8
0.65,-1.17,0.81
0.61,-1.21,0.81
0.63,-1.25,0.76
0.66,-1.25,0.74
0.63,-1.24,0.73
0.59,-1.23,0.68
0.6,-1.21,0.68
0.61,-1.17,0.71
0.65,-1.13,0.73
0.7,-1.12,0.76
0.74,-1.09,0.79
0.76,-1.05,0.81
0.77,-1.03,0.84
0.81,-1.01,0.85
0.84,-0.99,0.85
0.86,-0.98,0.89
0.87,-0.98,0.94
0.87,-0.98,0.96
0.86,-0.98,0.94
0.84,-0.96,0.92
0.83,-0.91,0.9
0.83,-0.86,0.89
0.85,-0.83,0.9
0.89,-0.81,0.93
0.9,-0.79,0.89
0.89,-0.75,0.87
0.85,-0.73,0.89
0.79,-0.72,0.83
0.76,-0.65,0.75
0.76,-0.58,0.71
0.76,-0.56,0.66
0.74,-0.51,0.63
0.7,-0.44,0.61
0.66,-0.36,0.62
0.67,-0.27,0.63
0.63,-0.27,0.59
0.62,-0.23,0.35
0.63,-0.33,0.29
0.66,0.14,0.6
0.44,0.22,0.47
0.32,-0.34,0.31
0.47,-0.28,0.32
0.52,-0.23,0.21
0.57,-0.1,0.32
0.45,0.02,0.39
0.36,-0.02,0.37
0.37,0.02,0.36
0.38,0.12,0.33
0.27,0.21,0.33
0.11,0.24,0.45
0.02,0.31,0.47
-0.03,0.31,0.44
-0.03,0.42,0.45
-0.06,0.54,0.44
-0.09,0.51,0.37
-0.13,0.52,0.35
-0.12,0.54,0.31
-0.09,0.59,0.29
-0.13,0.64,0.32
-0.22,0.63,0.34
-0.26,0.63,0.33
-0.24,0.67,0.32
-0.24,0.68,0.32
-0.26,0.65,0.3
-0.23,0.64,0.26
-0.23,0.64,0.23
-0.23,0.64,0.2
-0.21,0.66,0.17
-0.22,0.69,0.15
-0.24,0.73,0.16
-0.23,0.73,0.14
-0.19,0.72,0.12
-0.18,0.71,0.09
-0.21,0.71,0.07
-0.24,0.71,0.05
-0.26,0.73,0.04
-0.26,0.78,0.02
-0.26,0.78,0.01
-0.26,0.78,0
-0.28,0.77,0
-0.3,0.76,-0.02
-0.33,0.76,-0.05
-0.35,0.77,-0.07
-0.37,0.79,-0.09
-0.38,0.8,-0.11
-0.39,0.8,-0.12
-0.41,0.8,-0.13
-0.43,0.8,-0.15
-0.42,0.79,-0.08
-0.42,0.81,-0.1
-0.44,0.83,-0.21
-0.44,0.86,-0.23
-0.45,0.88,-0.23
-0.44,0.91,-0.22
-0.43,0.93,-0.22
-0.42,0.94,-0.21
-0.42,0.93,-0.2
-0.42,0.91,-0.19
-0.43,0.92,-0.19
-0.44,0.93,-0.18
-0.42,0.93,-0.17
-0.41,0.93,-0.17
-0.4,0.93,-0.17
-0.39,0.93,-0.14
-0.34,0.91,-0.13
-0.32,0.89,-0.11
-0.32,0.86,-0.09
-0.32,0.84,-0.09
-0.32,0.82,-0.09
-0.32,0.79,-0.11
-0.34,0.77,-0.12
-0.34,0.76,-0.14
-0.33,0.75,-0.15
-0.31,0.73,-0.13
-0.3,0.72,-0.09
-0.31,0.69,-0.06
-0.3,0.66,-0.05
-0.29,0.63,-0.06
-0.27,0.61,-0.07
-0.27,0.59,-0.07
-0.28,0.58,-0.07
-0.28,0.57,-0.07
-0.27,0.57,-0.07
-0.24,0.57,-0.07
-0.19,0.56,-0.05
-0.17,0.54,-0.02
-0.14,0.52,0.01
-0.1,0.49,0.04
-0.1,0.44,0.06
-0.11,0.43,0.1
-0.1,0.49,0.12
-0.04,0.51,0.14
0,0.47,0.17
0.02,0.41,0.2
0,0.35,0.21
-0.01,0.3,0.22
-0.02,0.27,0.25
-0.01,0.25,0.27
0.05,0.22,0.27
0.13,0.17,0.29
0.22,0.09,0.3
0.31,0.03,0.35
0.39,-0.03,0.42
0.42,-0.08,0.48
0.43,-0.11,0.53
0.41,-0.14,0.55
0.39,-0.16,0.56
0.39,-0.19,0.57
0.44,-0.2,0.62
0.52,-0.24,0.71
0.59,-0.34,0.81
0.64,-0.41,0.87
0.67,-0.44,0.9
0.64,-0.47,0.92
0.57,-0.53,0.95
0.55,-0.6,1.12
0.59,-0.74,1.23
0.62,-0.79,1.32
0.67,-0.86,1.36
0.76,-0.95,1.41
0.83,-1.06,1.48
0.85,-1.11,1.55
0.81,-1.11,1.56
0.79,-1.06,1.51
0.81,-1,1.45
0.86,-0.95,1.42
0.92,-0.94,1.37
0.97,-0.98,1.29
1.02,-1.01,1.21
1.05,-1.03,1.13
1.04,-1.03,1.06
0.99,-1.01,1
0.81,-1,0.93
0.79,-0.91,1.16
0.5,-0.88,0.95
0.76,-0.85,0.6
1.63,-0.84,0.77
1.58,-0.79,0.63
1.23,-0.67,0.47
0.93,-0.69,0.59
0.7,-0.66,0.73
0.67,-0.68,0.65
0.84,-0.66,0.57
0.91,-0.67,0.55
0.96,-0.68,0.56
0.97,-0.68,0.54
0.95,-0.67,0.51
0.92,-0.66,0.48
0.91,-0.66,0.5
0.93,-0.65,0.55
0.96,-0.64,0.58
0.97,-0.66,0.57
0.98,-0.67,0.53
0.97,-0.71,0.55
0.93,-0.75,0.57
0.91,-0.8,0.57
0.85,-0.88,0.63
0.81,-0.9,0.73
0.78,-0.85,0.8
0.64,-0.82,0.83
0.63,-0.93,0.9
0.88,-1.05,0.9
0.98,-1.02,0.86
0.89,-0.99,0.85
0.81,-0.99,0.82
0.76,-0.97,0.8
0.74,-0.94,0.77
0.74,-0.88,0.77
0.76,-0.86,0.78
0.78,-0.88,0.78
0.78,-0.9,0.81
0.77,-0.89,0.83
0.77,-0.86,0.85
0.81,-0.85,0.88
0.85,-0.88,0.93
0.9,-0.9,0.99
0.93,-0.92,1.01
0.94,-0.96,1
0.95,-0.99,0.97
0.93,-1.03,0.96
0.91,-1.05,0.95
0.87,-1.05,0.9
0.84,-1.07,0.89
0.81,-1.09,0.89
0.85,-1,0.92
0.9,-0.98,0.92
0.93,-1.03,0.88
0.95,-1.01,0.88
0.94,-1.02,0.87
0.93,-1.04,0.85
0.89,-1.05,0.83
0.85,-1.04,0.85
0.84,-1.05,0.87
0.84,-1.05,0.89
0.86,-1.04,0.92
0.87,-1.01,0.94
0.85,-0.99,0.96
0.79,-0.99,0.97
0.79,-0.99,0.97
0.75,-0.98,0.96
0.72,-0.95,0.94
0.7,-0.9,0.93
0.72,-0.87,0.95
0.73,-0.86,0.96
0.69,-0.85,0.92
0.63,-0.83,0.89
0.59,-0.8,0.87
0.57,-0.76,0.83
0.56,-0.71,0.8
0.58,-0.65,0.79
0.62,-0.61,0.79
0.62,-0.58,0.78
0.58,-0.56,0.75
0.53,-0.51,0.72
0.5,-0.45,0.68
0.5,-0.39,0.66
0.53,-0.34,0.69
0.54,-0.32,0.72
0.52,-0.3,0.71
0.48,-0.23,0.69
0.45,-0.11,0.7
0.47,-0.05,0.68
0.5,0,0.66
0.54,-0.06,0.63
0.55,-0.08,0.6
0.44,-0.03,0.52
0.32,-0.02,0.47
0.22,-0.01,0.47
0.16,0.05,0.43
0.15,0.13,0.42
0.11,0.21,0.46
0.04,0.22,0.43
0.05,0.24,0.37
0.05,0.35,0.34
-0.04,0.42,0.34
-0.13,0.46,0.35
-0.17,0.47,0.35
-0.17,0.44,0.31
-0.17,0.43,0.25
-0.2,0.47,0.21
-0.25,0.53,0.2
-0.28,0.56,0.2
-0.26,0.58,0.19
-0.23,0.59,0.15
-0.24,0.59,0.12
-0.27,0.62,0.11
-0.31,0.7,0.08
-0.31,0.73,0.07
-0.28,0.73,0.04
-0.27,0.7,0.01
-0.31,0.66,-0.02
-0.36,0.66,-0.05
-0.4,0.69,-0.07
-0.43,0.73,-0.08
-0.43,0.77,-0.09
-0.44,0.79,-0.1
-0.44,0.79,-0.11
-0.45,0.77,-0.12
-0.47,0.73,-0.13
-0.51,0.71,-0.16
-0.53,0.71,-0.18
-0.53,0.72,-0.18
-0.52,0.74,-0.18
-0.51,0.77,-0.18
-0.51,0.78,-0.16
-0.51,0.8,-0.13
-0.51,0.82,-0.1
-0.5,0.82,-0.1
-0.52,0.8,-0.1
-0.56,0.79,-0.1
-0.59,0.8,-0.09
-0.6,0.81,-0.09
-0.59,0.82,-0.09
-0.58,0.79,-0.09
-0.58,0.75,-0.09
-0.58,0.73,-0.09
-0.57,0.7,-0.08
-0.57,0.68,-0.08
-0.57,0.66,-0.07
-0.57,0.63,-0.08
-0.56,0.62,-0.08
-0.53,0.61,-0.08
-0.51,0.61,-0.07
-0.51,0.61,-0.05
-0.51,0.63,-0.03
-0.5,0.64,-0.04
-0.49,0.61,-0.06
-0.52,0.58,-0.06
-0.55,0.57,-0.04
-0.54,0.57,-0.02
-0.5,0.56,0
-0.45,0.56,0.02
-0.39,0.57,0.04
-0.34,0.59,0.07
-0.3,0.6,0.11
-0.26,0.57,0.13
-0.23,0.51,0.14
-0.22,0.46,0.14
-0.22,0.43,0.14
-0.22,0.37,0.17
-0.21,0.36,0.21
-0.2,0.39,0.24
-0.19,0.42,0.27
-0.16,0.41,0.29
-0.13,0.37,0.28
-0.12,0.31,0.29
-0.12,0.25,0.33
-0.12,0.23,0.39
-0.1,0.23,0.44
-0.05,0.22,0.46
0.04,0.22,0.47
0.14,0.22,0.47
0.22,0.2,0.47
0.27,0.14,0.5
0.31,0.05,0.55
0.37,-0.05,0.59
0.46,-0.15,0.65
0.54,-0.22,0.75
0.59,-0.21,0.85
0.64,-0.13,0.93
0.71,-0.05,0.99
0.79,-0.01,1.05
0.89,-0.06,1.07
0.94,-0.17,1.08
0.94,-0.27,1.09
0.88,-0.37,1.03
0.91,-0.33,0.93
0.97,-0.29,0.85
1.03,-0.31,0.85
1.08,-0.38,0.88
1.12,-0.43,0.84
1.13,-0.47,0.77
1.09,-0.46,0.69
1.05,-0.43,0.66
1.01,-0.43,0.69
1,-0.49,0.69
1.04,-0.57,0.64
1.07,-0.66,0.58
1.08,-0.77,0.62
1.11,-0.86,0.69
1.15,-0.86,0.63
1.15,-0.6,0.48
1.11,-0.63,0.36
1.1,-0.85,0.41
1.1,-0.81,0.5
1.06,-0.89,0.52
1.02,-1.01,0.62
1.01,-1.03,0.73
1.01,-1.03,0.66
1.02,-1,0.58
0.94,-1.02,0.44
1.03,-0.88,0.43
0.97,-0.82,0.53
0.94,-0.74,0.69
0.86,-0.79,0.78
0.91,-0.99,0.76
1.02,-1.08,0.66
1.02,-1.09,0.64
0.93,-1.06,0.69
0.95,-1.1,0.72
1.06,-1.19,0.77
1.07,-1.17,0.92
1.06,-1.18,1.06
0.97,-1.16,1.12
0.9,-1.17,1.17
0.98,-1.12,1.17
0.89,-1,1.17
0.75,-0.97,1.2
0.84,-0.97,1.18
0.97,-0.95,1.05
0.93,-0.9,0.97
0.79,-0.88,0.96
0.74,-0.87,0.93
0.77,-0.88,0.87
0.77,-0.89,0.81
0.75,-0.91,0.77
0.74,-0.93,0.73
0.75,-0.92,0.68
0.73,-0.92,0.65
0.69,-0.94,0.64
0.68,-0.95,0.6
0.7,-0.94,0.54
0.71,-0.93,0.5
0.71,-0.91,0.48
0.71,-0.9,0.44
0.71,-0.92,0.42
0.68,-0.95,0.42
0.64,-0.98,0.41
0.62,-0.98,0.4
0.6,-1.01,0.41
0.62,-0.98,0.4
0.65,-0.94,0.4
0.67,-0.95,0.43
0.74,-0.9,0.42
0.8,-0.87,0.4
0.84,-0.87,0.44
0.83,-0.89,0.54
0.79,-0.91,0.61
0.79,-0.9,0.6
0.83,-0.89,0.58
0.91,-0.9,0.62
0.98,-0.9,0.65
1.02,-0.91,0.67
1.05,-0.92,0.7
1.07,-0.9,0.7
1.1,-0.88,0.73
1.12,-0.85,0.76
1.13,-0.83,0.75
1.14,-0.83,0.76
1.12,-0.84,0.74
1.1,-0.8,0.7
1.11,-0.76,0.72
1.12,-0.73,0.75
1.11,-0.7,0.76
1.09,-0.66,0.76
1.08,-0.61,0.74
1.07,-0.57,0.7
1.05,-0.53,0.67
1.02,-0.49,0.65
0.98,-0.45,0.65
0.94,-0.42,0.67
0.89,-0.41,0.69
0.84,-0.39,0.7
0.82,-0.38,0.7
0.81,-0.37,0.7
0.8,-0.34,0.66
0.78,-0.29,0.62
0.77,-0.24,0.61
0.78,-0.22,0.62
0.77,-0.22,0.66
0.69,-0.19,0.67
0.66,-0.15,0.68
0.67,-0.11,0.65
0.66,-0.11,0.61
0.65,-0.05,0.62
0.64,0,0.6
0.58,-0.03,0.55
0.54,-0.14,0.5
0.53,-0.06,0.49
0.48,0,0.53
0.44,-0.1,0.46
0.41,-0.07,0.4
0.41,0.05,0.44
0.43,0.11,0.48
0.41,0.11,0.42
0.39,0.16,0.37
0.4,0.24,0.4
0.38,0.27,0.39
0.32,0.28,0.38
0.25,0.32,0.39
0.2,0.37,0.4
0.18,0.44,0.4
0.15,0.52,0.38
0.12,0.57,0.38
0.08,0.59,0.38
0.04,0.61,0.36
0,0.66,0.35
-0.03,0.68,0.34
-0.06,0.66,0.31
-0.1,0.64,0.27
-0.12,0.63,0.23
-0.12,0.64,0.2
-0.12,0.65,0.19
-0.11,0.63,0.17
-0.1,0.61,0.14
-0.13,0.6,0.1
-0.15,0.61,0.08
-0.18,0.63,0.05
-0.22,0.66,0.03
-0.25,0.71,0.01
-0.27,0.74,0
-0.28,0.75,-0.02
-0.32,0.77,-0.02
-0.38,0.83,-0.01
-0.41,0.91,0.02
-0.42,0.97,0.05
-0.43,0.98,0.07
-0.44,0.99,0.07
-0.45,1,0.08
-0.47,0.99,0.09
-0.47,0.99,0.1
-0.46,0.99,0.11
-0.41,0.96,0.11
-0.4,0.94,0.11
-0.38,0.93,0.11
-0.37,0.9,0.11
-0.35,0.88,0.11
-0.34,0.87,0.11
-0.32,0.85,0.1
-0.31,0.82,0.08
-0.32,0.79,0.06
-0.34,0.77,0.04
-0.32,0.74,0.02
-0.3,0.72,0
-0.28,0.7,0
-0.29,0.68,0.01
-0.31,0.67,0.02
-0.34,0.68,0.01
-0.35,0.7,0.02
-0.34,0.71,0.03
-0.34,0.7,0.04
-0.35,0.69,0.06
-0.36,0.68,0.07
-0.38,0.66,0.08
-0.41,0.65,0.1
-0.44,0.67,0.1
-0.44,0.68,0.1
-0.42,0.66,0.1
-0.4,0.59,0.1
-0.4,0.56,0.1
-0.38,0.52,0.11
-0.35,0.47,0.11
-0.32,0.45,0.12
-0.31,0.45,0.14
-0.36,0.47,0.17
-0.42,0.49,0.21
-0.44,0.47,0.24
-0.38,0.44,0.24
-0.31,0.43,0.25
-0.27,0.4,0.29
-0.27,0.35,0.33
-0.28,0.3,0.36
-0.27,0.27,0.37
-0.21,0.25,0.36
-0.15,0.23,0.36
-0.1,0.22,0.38
-0.06,0.19,0.38
-0.01,0.16,0.37
0.07,0.15,0.38
0.16,0.14,0.39
0.21,0.12,0.4
0.25,0.09,0.45
0.31,0.05,0.51
0.4,-0.01,0.56
0.49,-0.1,0.54
0.6,-0.12,0.5
0.62,-0.13,0.49
0.65,-0.17,0.52
0.7,-0.23,0.57
0.74,-0.3,0.62
0.78,-0.35,0.65
0.82,-0.41,0.67
0.86,-0.48,0.69
0.9,-0.55,0.7
0.92,-0.57,0.76
0.94,-0.56,0.83
0.97,-0.67,0.88
0.99,-0.8,0.89
1.02,-0.83,0.88
1.01,-0.89,0.89
0.99,-0.98,0.92
0.99,-1.06,0.9
1.04,-1.09,0.78
1.16,-1.04,0.65
1.27,-0.98,0.56
1.35,-0.98,0.54
1.38,-0.98,0.55
1.38,-0.95,0.58
1.34,-1.01,0.57
1.27,-1.12,0.49
1.14,-1.18,0.3
1.24,-0.96,0.3
1.16,-0.71,0.4
1.13,-1,0.48
1.23,-1.21,0.55
1.27,-1.15,0.54
1.24,-1.18,0.5
1.11,-1.38,0.38
1.09,-1.33,0.41
1.1,-0.9,0.55
0.89,-0.96,0.53
0.83,-1.11,0.56
0.86,-1.05,0.66
0.91,-1.05,0.76
0.87,-0.98,0.78
0.84,-0.92,0.86
0.91,-1.09,0.93
0.92,-1.23,0.9
1,-1.26,0.87
0.97,-1.12,0.82
0.84,-0.91,0.73
0.79,-0.88,0.69
0.81,-0.92,0.67
0.81,-0.95,0.65
0.74,-0.94,0.65
0.68,-0.91,0.65
0.7,-0.91,0.58
0.76,-0.91,0.57
0.76,-0.89,0.55
0.77,-0.88,0.53
0.77,-0.87,0.5
0.75,-0.87,0.48
0.72,-0.87,0.47
0.69,-0.87,0.48
0.67,-0.87,0.49
0.65,-0.88,0.52
0.64,-0.89,0.56
0.65,-0.91,0.59
0.64,-0.93,0.61
0.66,-0.93,0.63
0.69,-0.93,0.63
0.71,-0.96,0.64
0.7,-0.99,0.66
0.68,-1.01,0.68
0.66,-1.01,0.69
0.66,-1,0.69
0.68,-1.01,0.7
0.69,-1.04,0.74
0.71,-1.05,0.75
0.73,-1.07,0.74
0.71,-1.1,0.76
0.73,-1.16,0.79
0.79,-1.19,0.73
0.93,-1,0.76
0.8,-0.97,0.91
0.46,-1.12,1.16
0.34,-1.17,1.27
0.66,-1.08,1.15
0.97,-1.03,0.98
1.08,-1.03,0.86
1.07,-1.04,0.86
0.99,-1.06,0.96
0.95,-1.07,1.03
0.95,-1.07,1.05
0.95,-1.08,1.06
0.95,-1.11,1.07
0.93,-1.14,1.07
0.91,-1.14,1.02
0.87,-1.12,0.95
0.83,-1.1,0.91
0.79,-1.09,0.91
0.78,-1.06,0.91
0.78,-1.01,0.91
0.77,-0.98,0.91
0.75,-0.96,0.88
0.73,-0.95,0.86
0.71,-0.92,0.84
0.68,-0.89,0.8
0.65,-0.85,0.69
0.61,-0.77,0.69
0.62,-0.72,0.71
0.61,-0.69,0.68
0.62,-0.63,0.71
0.59,-0.59,0.69
0.5,-0.57,0.6
0.41,-0.47,0.54
0.39,-0.35,0.53
0.52,-0.32,0.46
0.53,-0.28,0.46
0.41,-0.13,0.55
0.39,-0.06,0.47
0.44,-0.07,0.47
0.44,-0.01,0.49
0.41,0.03,0.43
0.43,0.01,0.35
0.38,0.02,0.3
0.32,0.1,0.34
0.26,0.16,0.34
0.2,0.16,0.33
0.18,0.17,0.36
0.17,0.2,0.36
0.15,0.22,0.35
0.1,0.22,0.36
0.04,0.21,0.36
-0.01,0.22,0.37
-0.06,0.25,0.36
-0.1,0.27,0.36
-0.12,0.28,0.35
-0.13,0.29,0.34
-0.15,0.3,0.33
-0.18,0.32,0.31
-0.21,0.36,0.29
-0.23,0.39,0.26
-0.25,0.43,0.22
-0.28,0.48,0.16
-0.32,0.53,0.1
-0.35,0.56,0.08
-0.38,0.57,0.07
-0.42,0.6,0.03
-0.5,0.68,0
-0.54,0.76,-0.04
-0.54,0.81,-0.08
-0.55,0.85,-0.11
-0.59,0.88,-0.15
-0.64,0.92,-0.18
-0.66,0.93,-0.19
-0.66,0.93,-0.21
-0.65,0.93,-0.21
-0.64,0.92,-0.23
-0.66,0.92,-0.25
-0.66,0.93,-0.26
-0.65,0.91,-0.31
-0.62,0.89,-0.32
-0.6,0.88,-0.32
-0.57,0.85,-0.31
-0.55,0.82,-0.29
-0.52,0.79,-0.29
-0.5,0.77,-0.3
-0.48,0.76,-0.31
-0.47,0.75,-0.32
-0.45,0.75,-0.32
-0.44,0.73,-0.32
-0.44,0.73,-0.32
-0.44,0.73,-0.33
-0.44,0.73,-0.33
-0.45,0.73,-0.31
-0.44,0.73,-0.31
-0.43,0.73,-0.3
-0.42,0.73,-0.29
-0.42,0.73,-0.29
-0.41,0.73,-0.28
-0.4,0.73,-0.27
-0.39,0.72,-0.25
-0.38,0.71,-0.24
-0.37,0.69,-0.22
-0.36,0.67,-0.21
-0.36,0.65,-0.19
-0.37,0.66,-0.15
-0.35,0.66,-0.13
-0.33,0.65,-0.11
-0.32,0.63,-0.09
-0.32,0.61,-0.06
-0.32,0.58,-0.04
-0.31,0.55,-0.02
-0.31,0.53,0
-0.31,0.5,0.02
-0.31,0.46,0.03
-0.31,0.44,0.03
-0.3,0.41,0.05
-0.31,0.39,0.06
-0.3,0.37,0.08
-0.29,0.35,0.1
-0.26,0.34,0.12
-0.22,0.32,0.13
-0.19,0.3,0.13
-0.17,0.27,0.14
-0.15,0.24,0.15
-0.13,0.21,0.18
-0.07,0.18,0.21
-0.02,0.14,0.26
0.03,0.09,0.33
0.07,0.08,0.35
0.1,0.05,0.34
0.14,-0.01,0.45
0.22,-0.13,0.5
0.28,-0.17,0.5
0.38,-0.18,0.46
0.5,-0.21,0.43
0.62,-0.27,0.39
0.71,-0.33,0.42
0.74,-0.42,0.55
0.74,-0.56,0.69
0.76,-0.67,0.76
0.78,-0.74,0.78
0.82,-0.83,0.8
0.85,-0.95,0.85
0.86,-1.07,0.92
0.89,-1.23,0.97
0.95,-1.31,0.98
1,-1.36,0.98
1.03,-1.33,1.01
0.98,-1.37,1.08
0.9,-1.37,1.16
0.89,-1.33,1.21
0.81,-1.42,1.25
0.77,-1.34,1.26
0.82,-1.3,1.23
0.81,-1.42,1.12
0.74,-1.43,1.11
0.68,-1.42,1.32
0.65,-1.22,1.27
0.61,-1.16,1.21
0.6,-1.23,1.17
0.62,-1.24,1.12
0.64,-1.24,1.05
0.64,-1.22,1
0.63,-1.18,0.94
0.63,-1.11,0.96
0.65,-1.02,1.09
0.72,-0.94,1.14
0.76,-0.93,1.02
0.69,-0.95,0.91
0.58,-0.97,0.86
0.55,-0.98,0.83
0.59,-0.99,0.81
0.6,-0.99,0.76
0.6,-0.96,0.69
0.59,-0.93,0.67
0.6,-0.91,0.74
0.65,-0.89,0.81
0.71,-0.88,0.8
0.74,-0.9,0.74
0.74,-0.92,0.69
0.71,-0.92,0.66
0.67,-0.91,0.66
0.65,-0.93,0.67
0.61,-0.9,0.7
0.59,-0.87,0.75
0.6,-0.82,0.75
0.63,-0.79,0.74
0.66,-0.8,0.74
0.67,-0.84,0.74
0.67,-0.87,0.73
0.65,-0.9,0.72
0.61,-0.91,0.71
0.58,-0.92,0.72
0.54,-0.93,0.73
0.54,-0.93,0.73
0.56,-0.94,0.72
0.56,-0.96,0.73
0.56,-0.97,0.74
0.58,-0.98,0.72
0.62,-0.99,0.71
0.68,-0.98,0.75
0.75,-0.97,0.82
0.8,-0.95,0.87
0.84,-0.95,0.92
0.87,-0.97,0.98
0.91,-1.01,1.06
0.89,-1.06,1.12
0.84,-1.11,1.1
0.83,-1.17,1.01
0.82,-1.23,0.99
0.81,-1.22,0.95
0.84,-1.23,0.89
0.85,-1.25,0.88
0.88,-1.26,0.87
0.88,-1.25,0.85
0.81,-1.24,0.87
0.77,-1.21,0.91
0.78,-1.2,0.89
0.77,-1.23,0.81
0.73,-1.26,0.76
0.68,-1.22,0.78
0.68,-1.18,0.84
0.69,-1.15,0.9
0.68,-1.12,0.94
0.68,-1.1,0.94
0.67,-1.1,0.91
0.63,-1.08,0.93
0.59,-1.03,0.98
0.6,-1.01,1.02
0.62,-1,1.05
0.62,-1,1.08
0.59,-0.99,1.1
0.56,-0.96,1.09
0.48,-0.94,1.04
0.39,-0.93,0.97
0.33,-0.83,0.86
0.27,-0.78,0.84
0.23,-0.73,0.81
0.19,-0.67,0.76
0.23,-0.61,0.75
0.28,-0.58,0.78
0.3,-0.54,0.81
0.33,-0.52,0.79
0.3,-0.51,0.73
0.3,-0.53,0.68
0.25,-0.51,0.62
0.15,-0.39,0.61
0.13,-0.35,0.66
0.21,-0.25,0.71
0.29,-0.11,0.73
0.3,-0.04,0.76
0.24,-0.11,0.8
0.14,-0.38,0.73
-0.06,-0.3,0.6
-0.27,-0.06,0.56
-0.36,-0.01,0.53
-0.44,0.08,0.48
-0.48,0.11,0.4
-0.41,0.17,0.29
-0.27,0.23,0.24
-0.12,0.32,0.18
-0.02,0.39,0.12
0.07,0.5,0.12
0.07,0.48,0.14
0.05,0.47,0.14
0.01,0.51,0.09
-0.05,0.57,0.05
-0.07,0.61,0.02
-0.08,0.64,-0.02
-0.11,0.63,-0.06
-0.1,0.65,-0.05
-0.07,0.7,-0.05
-0.06,0.73,-0.08
-0.1,0.74,-0.12
-0.21,0.76,-0.17
-0.3,0.79,-0.22
-0.34,0.81,-0.28
-0.35,0.84,-0.34
-0.34,0.86,-0.39
-0.35,0.85,-0.43
-0.36,0.86,-0.43
-0.35,0.86,-0.42
-0.33,0.86,-0.42
-0.29,0.85,-0.43
-0.27,0.81,-0.44
-0.26,0.79,-0.47
-0.24,0.79,-0.48
-0.21,0.79,-0.49
-0.2,0.83,-0.49
-0.23,0.85,-0.48
-0.24,0.87,-0.47
-0.25,0.88,-0.45
-0.25,0.88,-0.44
-0.25,0.87,-0.43
-0.24,0.87,-0.42
-0.23,0.86,-0.4
-0.22,0.87,-0.38
-0.21,0.89,-0.36
-0.22,0.91,-0.33
-0.22,0.91,-0.31
-0.22,0.9,-0.29
-0.23,0.88,-0.27
-0.22,0.87,-0.26
-0.2,0.88,-0.24
-0.18,0.89,-0.23
-0.15,0.88,-0.22
-0.13,0.88,-0.22
-0.11,0.87,-0.23
-0.1,0.87,-0.25
-0.09,0.85,-0.26
-0.09,0.83,-0.27
-0.12,0.81,-0.26
-0.16,0.79,-0.25
-0.2,0.76,-0.22
-0.26,0.71,-0.22
-0.27,0.68,-0.22
-0.28,0.67,-0.24
-0.28,0.68,-0.23
-0.26,0.69,-0.22
-0.25,0.67,-0.22
-0.25,0.65,-0.21
-0.26,0.62,-0.2
-0.27,0.59,-0.18
-0.27,0.57,-0.16
-0.25,0.57,-0.13
-0.22,0.57,-0.09
-0.21,0.55,-0.06
-0.21,0.52,-0.04
-0.19,0.49,-0.01
-0.15,0.45,0.03
-0.12,0.4,0.06
-0.09,0.36,0.08
-0.06,0.31,0.09
-0.03,0.26,0.12
-0.01,0.22,0.17
0.02,0.22,0.22
0.07,0.23,0.25
0.11,0.22,0.28
0.17,0.19,0.31
0.2,0.15,0.37
0.24,0.03,0.41
0.29,0.01,0.48
0.37,-0.02,0.53
0.45,-0.04,0.55
0.5,-0.09,0.57
0.53,-0.16,0.61
0.55,-0.22,0.7
0.56,-0.33,0.77
0.57,-0.38,0.79
0.58,-0.37,0.8
0.57,-0.4,0.82
0.6,-0.46,0.85
0.67,-0.52,0.9
0.72,-0.63,1.01
0.73,-0.74,1.11
0.7,-0.77,1.14
0.65,-0.73,1.11
0.63,-0.72,1.12
0.62,-0.78,1.11
0.64,-0.88,1.09
0.66,-1,1.18
0.69,-1.06,1.31
0.65,-1.16,1.28
0.6,-1.2,1.23
0.64,-1.02,1.15
0.77,-0.96,1.07
0.89,-1.08,0.96
0.88,-1.14,0.96
0.85,-1.17,1
0.79,-1.18,1.02
0.76,-1.07,1.01
0.76,-0.97,0.94
0.78,-1.01,0.91
0.71,-0.82,0.93
0.74,-0.99,0.79
0.84,-1.33,0.69
0.86,-1.27,0.78
0.86,-1.18,0.91
0.87,-1.12,0.93
0.89,-1.03,0.9
0.9,-0.93,0.84
0.9,-0.9,0.76
0.86,-0.92,0.77
0.83,-0.98,0.75
0.77,-1,0.78
0.72,-0.99,0.88
0.74,-0.97,0.9
0.75,-0.94,0.86
0.7,-0.92,0.84
0.64,-0.93,0.82
0.64,-0.95,0.8
0.68,-0.97,0.78
0.71,-0.96,0.86
0.72,-0.94,0.93
0.74,-0.94,0.97
0.79,-0.94,1
0.82,-0.94,1.03
0.81,-0.94,1.01
0.77,-0.94,0.94
0.73,-0.94,0.88
0.71,-0.93,0.85
0.64,-0.9,0.86
0.56,-0.89,0.83
0.56,-0.91,0.79
0.56,-0.91,0.79
0.54,-0.92,0.77
0.55,-0.94,0.75
0.57,-0.95,0.7
0.6,-0.96,0.65
0.62,-0.97,0.63
0.64,-0.95,0.63
0.66,-0.93,0.62
0.69,-0.91,0.62
0.71,-0.93,0.63
0.71,-0.98,0.65
0.69,-1,0.66
0.68,-1,0.65
0.69,-1,0.62
0.74,-0.98,0.68
0.78,-0.98,0.73
0.79,-1.01,0.75
0.83,-1.02,0.77
0.88,-1.02,0.76
0.91,-1.03,0.75
0.96,-1.09,0.73
0.93,-1.11,0.73
0.72,-1.05,0.9
0.59,-0.97,1.02
0.68,-1.04,0.96
0.82,-1.16,0.89
0.95,-1.14,0.86
0.98,-1.06,0.87
0.95,-1.07,0.9
0.88,-1.15,0.9
0.8,-1.16,0.89
0.77,-1.12,0.93
0.77,-1.09,0.99
0.78,-1.08,1.01
0.79,-1.08,1.02
0.8,-1.07,1.01
0.77,-1.08,1.01
0.72,-1.07,1
0.68,-1.05,0.98
0.66,-1.02,0.96
0.65,-0.99,0.93
0.62,-0.95,0.92
0.6,-0.93,0.88
0.57,-0.9,0.84
0.55,-0.85,0.79
0.56,-0.77,0.74
0.57,-0.67,0.71
0.6,-0.61,0.7
0.63,-0.58,0.72
0.64,-0.56,0.74
0.59,-0.54,0.77
0.5,-0.52,0.76
0.5,-0.47,0.76
0.48,-0.37,0.79
0.45,-0.29,0.82
0.44,-0.28,0.81
0.44,-0.28,0.76
0.46,-0.28,0.7
0.41,-0.29,0.67
0.35,-0.19,0.64
0.34,-0.06,0.64
0.28,0.04,0.64
0.25,0.13,0.61
0.21,0.14,0.57
0.06,0.23,0.56
0.07,0.07,0.52
0.18,-0.08,0.43
0.04,0.36,0.39
-0.04,0.34,0.37
-0.03,0.27,0.33
-0.01,0.39,0.22
-0.01,0.39,0.19
-0.02,0.38,0.17
-0.04,0.4,0.15
-0.07,0.39,0.15
-0.12,0.42,0.14
-0.16,0.48,0.1
-0.19,0.47,0.07
-0.22,0.49,0.04
-0.23,0.56,0
-0.24,0.61,-0.04
-0.24,0.63,-0.08
-0.24,0.64,-0.1
-0.25,0.61,-0.13
-0.27,0.58,-0.17
-0.27,0.58,-0.23
-0.31,0.59,-0.27
-0.36,0.61,-0.27
-0.4,0.65,-0.29
-0.43,0.69,-0.3
-0.46,0.72,-0.31
-0.46,0.74,-0.33
-0.45,0.74,-0.35
-0.45,0.73,-0.37
-0.47,0.75,-0.38
-0.48,0.77,-0.39
-0.49,0.8,-0.4
-0.49,0.82,-0.4
-0.49,0.82,-0.4
-0.5,0.81,-0.4
-0.51,0.81,-0.41
-0.51,0.83,-0.42
-0.51,0.83,-0.43
-0.49,0.84,-0.43
-0.49,0.85,-0.44
-0.48,0.86,-0.43
-0.47,0.87,-0.42
-0.45,0.87,-0.42
-0.45,0.88,-0.41
-0.44,0.89,-0.4
-0.43,0.88,-0.39
-0.43,0.87,-0.38
-0.42,0.86,-0.38
-0.4,0.86,-0.38
-0.38,0.85,-0.37
-0.37,0.84,-0.37
-0.36,0.82,-0.36
-0.35,0.81,-0.37
-0.34,0.81,-0.36
-0.33,0.8,-0.36
-0.34,0.79,-0.36
-0.34,0.78,-0.36
-0.35,0.77,-0.35
-0.36,0.75,-0.33
-0.36,0.74,-0.31
-0.35,0.73,-0.3
-0.35,0.72,-0.29
-0.35,0.71,-0.28
-0.36,0.7,-0.27
-0.36,0.68,-0.26
-0.36,0.66,-0.26
-0.37,0.62,-0.25
-0.38,0.59,-0.24
-0.38,0.57,-0.23
-0.39,0.54,-0.21
-0.36,0.53,-0.18
-0.32,0.52,-0.16
-0.29,0.5,-0.14
-0.28,0.48,-0.12
-0.26,0.46,-0.11
-0.26,0.44,-0.09
-0.26,0.41,-0.06
-0.25,0.37,-0.05
-0.23,0.33,-0.03
-0.21,0.28,0
-0.19,0.19,0.05
-0.08,0.13,0.08
-0.04,0.06,0.11
-0.01,-0.01,0.14
0.01,-0.07,0.17
0.03,-0.11,0.25
0.04,-0.17,0.35
0.06,-0.24,0.39
0.1,-0.3,0.38
0.14,-0.35,0.34
0.2,-0.43,0.29
0.36,-0.54,0.3
0.63,-0.63,0.41
0.88,-0.67,0.52
1.03,-0.67,0.6
1.01,-0.7,0.67
0.88,-0.71,0.76
0.74,-0.73,0.87
0.68,-0.78,0.93
0.79,-0.79,0.95
0.95,-0.87,1.06
1.06,-0.97,1.17
1.17,-0.94,1.17
1.21,-0.95,1.16
1.18,-1,1.13
1.14,-1,1.07
1.07,-1.02,1.17
1.04,-1.09,1.21
1.1,-1.12,1.26
1.18,-1.13,1.27
1.24,-1.14,1.19
1.23,-1.15,1.08
1.15,-1.18,1
1.06,-1.21,0.94
0.97,-1.21,0.93
0.92,-1.16,0.98
0.95,-1.1,1.1
1.02,-1.05,1.19
1.08,-1.05,1.12
1.05,-1.09,0.98
0.95,-1.08,0.87
0.88,-1.09,0.81
0.84,-1.08,0.81
0.79,-1.06,0.86
0.77,-1.02,0.92
0.81,-0.96,0.93
0.86,-0.94,0.9
0.9,-0.95,0.85
0.92,-0.96,0.8
0.9,-0.96,0.75
0.86,-0.96,0.73
0.82,-0.96,0.7
0.77,-0.99,0.69
0.73,-0.95,0.72
0.79,-0.92,0.75
0.84,-0.9,0.72
0.84,-0.89,0.69
0.82,-0.89,0.66
0.79,-0.89,0.64
0.76,-0.87,0.63
0.71,-0.85,0.62
0.69,-0.83,0.64
0.72,-0.81,0.68
0.74,-0.81,0.71
0.74,-0.83,0.7
0.72,-0.86,0.66
0.69,-0.88,0.63
0.66,-0.89,0.61
0.62,-0.9,0.59
0.58,-0.91,0.57
0.57,-0.92,0.58
0.57,-0.93,0.58
0.57,-0.94,0.58
0.56,-0.94,0.56
0.56,-0.94,0.54
0.55,-0.95,0.52
0.55,-0.95,0.51
0.56,-0.95,0.53
0.55,-0.95,0.52
0.55,-0.94,0.51
0.55,-0.94,0.51
0.56,-0.93,0.52
0.59,-0.91,0.59
0.59,-0.91,0.59
0.6,-0.93,0.6
0.59,-0.96,0.66
0.59,-0.98,0.71
0.61,-0.98,0.72
0.64,-0.96,0.72
0.67,-0.94,0.77
0.7,-0.92,0.86
0.74,-0.92,0.91
0.77,-0.95,0.91
0.79,-0.99,0.91
0.77,-0.99,0.94
0.72,-0.97,0.96
0.76,-0.96,0.97
0.84,-0.96,0.99
0.88,-0.95,1
0.88,-0.98,1
0.86,-1.02,0.97
0.84,-1.01,0.95
0.84,-0.96,0.94
0.89,-0.93,1.01
0.9,-0.95,1.04
0.88,-0.96,1.05
0.84,-0.96,1.06
0.8,-0.95,1.1
0.73,-0.93,1.14
0.69,-0.91,1.15
0.63,-0.9,1.14
0.55,-0.92,1.14
0.48,-0.9,1.13
0.38,-0.88,1.1
0.27,-0.85,1.06
0.2,-0.81,1.04
0.17,-0.76,1.05
0.19,-0.73,1.03
0.26,-0.69,0.99
0.33,-0.67,0.92
0.35,-0.67,0.88
0.36,-0.64,0.87
0.35,-0.58,0.86
0.35,-0.45,0.84
0.37,-0.37,0.82
0.4,-0.33,0.82
0.4,-0.29,0.81
0.37,-0.26,0.8
0.33,-0.24,0.81
0.29,-0.19,0.79
0.3,-0.17,0.78
0.32,-0.18,0.74
0.33,-0.14,0.69
0.29,-0.13,0.65
0.2,-0.09,0.61
0.12,0,0.59
0.08,0.02,0.61
0.09,0,0.61
0.09,0.02,0.6
0.06,0.08,0.56
0.01,0.16,0.49
-0.03,0.2,0.4
-0.03,0.34,0.35
-0.09,0.3,0.39
-0.13,0.26,0.32
-0.15,0.48,0.22
-0.16,0.21,0.2
-0.12,0.22,0.2
-0.1,0.62,0.16
-0.12,0.61,0.11
-0.13,0.56,0.07
-0.13,0.59,0.03
-0.16,0.59,0.01
-0.18,0.6,-0.03
-0.2,0.59,-0.05
-0.23,0.59,-0.11
-0.28,0.61,-0.14
-0.3,0.61,-0.15
-0.33,0.62,-0.18
-0.33,0.66,-0.21
-0.3,0.68,-0.22
-0.3,0.67,-0.25
-0.31,0.68,-0.26
-0.33,0.7,-0.27
-0.35,0.73,-0.28
-0.36,0.75,-0.28
-0.37,0.77,-0.27
-0.38,0.8,-0.27
-0.39,0.82,-0.27
-0.41,0.84,-0.28
-0.42,0.85,-0.29
-0.4,0.86,-0.3
-0.39,0.87,-0.3
-0.38,0.89,-0.31
-0.38,0.91,-0.31
-0.37,0.9,-0.31
-0.35,0.91,-0.31
-0.34,0.92,-0.3
-0.33,0.91,-0.3
-0.33,0.91,-0.3
-0.32,0.92,-0.3
-0.31,0.92,-0.3
-0.3,0.92,-0.29
-0.29,0.92,-0.29
-0.28,0.92,-0.28
-0.27,0.9,-0.26
-0.25,0.88,-0.25
-0.25,0.86,-0.23
-0.25,0.83,-0.22
-0.25,0.81,-0.22
-0.25,0.78,-0.21
-0.25,0.75,-0.21
-0.25,0.73,-0.2
-0.25,0.71,-0.18
-0.23,0.69,-0.17
-0.22,0.66,-0.16
-0.22,0.63,-0.15
-0.23,0.6,-0.14
-0.23,0.59,-0.12
-0.23,0.58,-0.1
-0.23,0.57,-0.08
-0.23,0.56,-0.04
-0.22,0.53,-0.01
-0.23,0.51,0.02
-0.23,0.49,0.04
-0.21,0.45,0.05
-0.18,0.4,0.07
-0.16,0.36,0.12
-0.12,0.3,0.15
-0.07,0.26,0.19
-0.03,0.22,0.21
0,0.19,0.23
0.03,0.15,0.25
0.06,0.12,0.26
0.08,0.09,0.27
0.1,0.07,0.3
0.17,0.05,0.36
0.26,0.05,0.4
0.33,0.05,0.46
0.38,0.01,0.51
0.41,-0.04,0.56
0.43,-0.11,0.61
0.43,-0.18,0.64
0.45,-0.24,0.64
0.48,-0.25,0.63
0.54,-0.27,0.63
0.64,-0.3,0.64
0.71,-0.35,0.66
0.7,-0.46,0.7
0.67,-0.59,0.77
0.67,-0.72,0.86
0.69,-0.8,0.92
0.71,-0.77,0.92
0.68,-0.78,0.92
0.8,-0.77,0.89
0.84,-0.81,0.8
0.86,-0.97,0.87
0.87,-1.09,0.97
0.96,-1.15,1.02
1.08,-1.14,1
1.07,-1.07,0.95
1.01,-1.04,0.94
0.97,-1.05,0.94
0.95,-1.11,0.93
0.91,-1.25,0.93
0.9,-1.34,0.93
0.94,-1.44,0.94
0.98,-1.47,1.03
1.04,-1.36,1.09
1.12,-1.28,1.05
1.08,-1.22,0.98
0.98,-1.19,0.89
0.95,-1.18,0.84
0.96,-1.19,0.85
0.95,-1.2,0.9
0.92,-1.19,0.97
0.94,-1.14,1.01
1.01,-1.09,1.01
1.08,-1.04,0.97
1.09,-1,0.9
0.87,-1.02,0.88
0.84,-0.99,0.92
0.88,-0.97,0.96
0.9,-0.95,0.96
0.89,-0.91,0.97
0.91,-0.88,0.98
0.96,-0.86,0.97
0.95,-0.84,0.98
0.87,-0.8,1
0.83,-0.78,0.97
0.81,-0.79,0.89
0.76,-0.79,0.84
0.72,-0.78,0.82
0.69,-0.79,0.79
0.68,-0.81,0.77
0.68,-0.84,0.76
0.71,-0.87,0.73
0.74,-0.9,0.69
0.76,-0.92,0.63
0.77,-0.92,0.58
0.75,-0.92,0.59
0.74,-0.92,0.62
0.75,-0.93,0.67
0.77,-0.95,0.7
0.83,-0.98,0.71
0.88,-1.02,0.71
0.87,-1.04,0.77
0.82,-1.06,0.82
0.85,-1.08,0.82
0.87,-1.09,0.79
0.87,-1.09,0.76
0.9,-1.06,0.76
0.94,-1.05,0.79
0.94,-1.05,0.83
0.89,-1.04,0.86
0.86,-1.03,0.87
0.86,-1.01,0.86
0.85,-1,0.86
0.86,-0.97,0.87
0.89,-0.97,0.89
0.88,-0.97,0.89
0.85,-0.96,0.91
0.84,-0.94,0.9
0.84,-0.94,0.89
0.81,-0.92,0.91
0.79,-0.87,0.94
0.79,-0.82,0.99
0.8,-0.8,1.03
0.79,-0.81,1.03
0.74,-0.82,0.99
0.68,-0.81,0.96
0.66,-0.78,0.96
0.69,-0.75,0.98
0.7,-0.76,0.98
0.66,-0.76,0.95
0.64,-0.75,0.93
0.62,-0.73,0.95
0.62,-0.72,0.93
0.63,-0.71,0.92
0.65,-0.71,0.89
0.65,-0.69,0.85
0.62,-0.67,0.84
0.58,-0.64,0.83
0.56,-0.6,0.84
0.57,-0.54,0.85
0.56,-0.49,0.84
0.55,-0.42,0.87
0.51,-0.35,0.87
0.49,-0.3,0.85
0.47,-0.27,0.82
0.43,-0.25,0.77
0.35,-0.26,0.75
0.3,-0.23,0.75
0.29,-0.22,0.74
0.31,-0.19,0.73
0.3,-0.07,0.7
0.22,-0.01,0.67
0.17,-0.05,0.63
0.16,-0.06,0.5
0.08,0.11,0.44
0.05,0.12,0.38
0.08,-0.33,0.29
0.08,-0.18,0.28
0.01,0.46,0.28
-0.05,0.34,0.23
-0.09,0.29,0.21
-0.1,0.33,0.17
-0.12,0.36,0.14
-0.14,0.38,0.11
-0.19,0.44,0.08
-0.22,0.49,0.04
-0.22,0.51,-0.01
-0.2,0.55,-0.05
-0.2,0.57,-0.08
-0.21,0.55,-0.11
-0.24,0.55,-0.14
-0.28,0.57,-0.17
-0.32,0.62,-0.2
-0.34,0.65,-0.22
-0.33,0.65,-0.24
-0.32,0.67,-0.26
-0.31,0.7,-0.3
-0.31,0.7,-0.31
-0.32,0.71,-0.32
-0.34,0.73,-0.39
-0.4,0.77,-0.41
-0.41,0.77,-0.42
-0.42,0.77,-0.45
-0.43,0.78,-0.46
-0.44,0.79,-0.48
-0.45,0.8,-0.48
-0.45,0.81,-0.49
-0.46,0.83,-0.5
-0.47,0.85,-0.5
-0.47,0.86,-0.5
-0.47,0.87,-0.49
-0.45,0.87,-0.49
-0.45,0.88,-0.49
-0.45,0.88,-0.48
-0.45,0.89,-0.48
-0.44,0.89,-0.47
-0.42,0.89,-0.45
-0.42,0.88,-0.44
-0.41,0.86,-0.43
-0.4,0.85,-0.43
-0.38,0.83,-0.42
-0.37,0.82,-0.41
-0.35,0.82,-0.4
-0.34,0.81,-0.38
-0.34,0.8,-0.37
-0.34,0.78,-0.35
-0.34,0.75,-0.35
-0.34,0.72,-0.35
-0.34,0.7,-0.35
-0.35,0.68,-0.35
-0.36,0.65,-0.35
-0.37,0.64,-0.34
-0.37,0.63,-0.32
-0.37,0.63,-0.3
-0.37,0.63,-0.29
-0.38,0.65,-0.27
-0.37,0.65,-0.26
-0.36,0.63,-0.24
-0.36,0.59,-0.23
-0.36,0.55,-0.23
-0.34,0.52,-0.22
-0.33,0.49,-0.2
-0.31,0.46,-0.19
-0.28,0.44,-0.17
-0.24,0.41,-0.14
-0.22,0.36,-0.13
-0.21,0.31,-0.11
-0.21,0.27,-0.09
-0.19,0.24,-0.07
-0.17,0.21,-0.03
-0.15,0.16,0
-0.13,0.13,0.05
-0.1,0.04,0.09
-0.05,0,0.15
0.01,-0.03,0.2
0.04,-0.06,0.25
0.11,-0.11,0.28
0.25,-0.16,0.3
0.41,-0.19,0.36
0.49,-0.2,0.43
0.49,-0.21,0.49
0.49,-0.23,0.52
0.58,-0.26,0.56
0.75,-0.36,0.65
0.95,-0.51,0.72
1.12,-0.58,0.72
1.21,-0.58,0.7
1.2,-0.56,0.71
1.18,-0.57,0.74
1.16,-0.64,0.77
1.15,-0.74,0.82
1.14,-0.85,0.91
1.14,-0.96,1.03
1.19,-0.97,1.07
1.26,-0.91,1.05
1.27,-0.84,1.01
1.23,-0.82,0.97
1.17,-0.88,0.98
1.14,-1.06,1.06
1.05,-1.17,1.15
1.08,-1.22,1.2
1.17,-1.17,1.14
1.23,-1.13,1.07
1.2,-1.1,1.03
1.12,-1.11,1.01
1.04,-1.2,0.99
0.97,-1.25,0.97
0.88,-1.22,0.98
0.78,-1.21,1.02
0.78,-1.33,1.05
0.84,-1.34,1.06
0.86,-1.2,1.01
0.82,-1.17,0.91
0.72,-1.19,0.87
0.66,-1.21,0.85
0.63,-1.19,0.86
0.56,-1.19,0.92
0.5,-1.18,1
0.5,-1.13,1.05
0.53,-1.1,0.97
0.53,-1.09,0.88
0.49,-1.08,0.87
0.45,-1.04,0.87
0.44,-1.02,0.85
0.45,-1.05,0.75
0.41,-1.01,0.69
0.41,-0.96,0.67
0.46,-0.96,0.64
0.45,-0.94,0.59
0.45,-0.92,0.54
0.45,-0.91,0.51
0.44,-0.9,0.48
0.41,-0.9,0.43
0.39,-0.9,0.39
0.37,-0.9,0.35
0.36,-0.92,0.33
0.34,-0.94,0.32
0.32,-0.95,0.33
0.3,-0.96,0.33
0.27,-0.98,0.3
0.23,-1,0.28
0.2,-1.02,0.31
0.17,-1.03,0.3
0.17,-1.01,0.28
0.15,-0.97,0.29
0.11,-0.97,0.29
0.11,-0.97,0.27
0.1,-0.97,0.26
0.08,-0.98,0.28
0.06,-0.99,0.28
0.08,-0.99,0.27
0.08,-1,0.28
0.08,-1,0.31
0.08,-0.99,0.31
0.08,-0.98,0.3
0.05,-0.98,0.29
0.04,-0.96,0.27
0.04,-0.95,0.26
0.04,-0.95,0.25
0.04,-0.96,0.25
0.04,-0.96,0.25
0.03,-0.96,0.26
0.04,-0.96,0.25
0.04,-0.94,0.25
0.04,-0.94,0.25
0.03,-0.94,0.25
0.03,-0.94,0.24
0.04,-0.95,0.24
0.04,-0.97,0.23
0.04,-0.96,0.23
0.04,-0.96,0.23
0.05,-0.96,0.23
0.05,-0.96,0.22
0.04,-0.97,0.22
0.05,-0.96,0.21
0.06,-0.95,0.2
0.06,-0.96,0.19
0.06,-0.99,0.19
0.06,-1.01,0.18
0.07,-1.01,0.18
0.07,-1,0.18
0.07,-1,0.18
0.07,-1.02,0.18
0.08,-1.04,0.19
0.09,-1.06,0.21
0.1,-1.06,0.21
0.09,-1.06,0.2
0.08,-1.05,0.21
0.08,-1.04,0.2
0.07,-1.06,0.2
0.07,-1.07,0.2
0.07,-1.08,0.21
0.07,-1.09,0.22
0.09,-1.11,0.21
0.08,-1.13,0.2
0.08,-1.13,0.21
0.08,-1.12,0.21
0.07,-1.14,0.2
0.06,-1.15,0.2
0.03,-1.14,0.18
0,-1.13,0.17
-0.01,-1.08,0.17
-0.04,-1.04,0.13
-0.09,-0.97,0.11
-0.11,-0.94,0.09
-0.11,-0.91,0.08
-0.15,-0.88,0.03
-0.19,-0.84,-0.03
-0.22,-0.8,-0.05
-0.27,-0.8,-0.07
-0.32,-0.81,-0.07
-0.37,-0.82,-0.06
-0.39,-0.8,-0.03
-0.4,-0.8,0.02
-0.38,-0.81,0.11
-0.36,-0.84,0.23
-0.38,-0.92,0.37
-0.44,-0.99,0.47
-0.45,-1.04,0.47
-0.42,-1.07,0.44
-0.37,-1.08,0.37
-0.3,-1.06,0.29
-0.23,-1.04,0.28
-0.19,-1.05,0.3
-0.16,-1.07,0.31
-0.16,-1.06,0.3
-0.14,-1.03,0.28
-0.09,-0.99,0.24
-0.08,-0.95,0.2
-0.1,-0.83,0.16
-0.1,-0.8,0.15
-0.11,-0.78,0.15
-0.13,-0.78,0.14
-0.14,-0.79,0.15
-0.15,-0.8,0.16
-0.15,-0.8,0.17
-0.15,-0.81,0.2
-0.15,-0.81,0.21
-0.12,-0.83,0.21
-0.12,-0.85,0.22
-0.15,-0.87,0.23
-0.16,-0.87,0.23
-0.17,-0.89,0.23
-0.19,-0.92,0.24
-0.19,-0.95,0.25
-0.16,-1,0.26
-0.2,-1.07,0.27
-0.24,-1.12,0.29
-0.23,-1.15,0.34
-0.21,-1.14,0.4
-0.17,-1.12,0.4
-0.11,-1.13,0.32
-0.09,-1.11,0.2
-0.11,-1.09,0.11
-0.09,-1.13,0.1
-0.06,-1.16,0.22
-0.07,-1.07,0.33
-0.08,-0.99,0.41
-0.08,-0.99,0.41
-0.08,-1,0.32
-0.05,-0.97,0.22
-0.03,-0.93,0.17
-0.03,-0.91,0.17
-0.02,-0.9,0.22
0,-0.9,0.3
0.03,-0.91,0.38
0.03,-0.93,0.4
0.02,-0.95,0.36
0.04,-0.95,0.29
0.07,-0.94,0.24
0.08,-0.94,0.23
0.07,-0.94,0.27
0.07,-0.95,0.31
0.09,-0.95,0.34
