Acc_x,Acc_y,Acc_z
0.01,1.28,0.84
0.02,1.33,0.88
0.02,1.36,0.87
-0.02,1.33,0.84
-0.04,1.25,0.78
-0.03,1.14,0.7
-0.02,1.04,0.65
-0.02,1.01,0.66
-0.02,1.01,0.68
0,0.99,0.69
0.01,0.94,0.69
0.02,0.89,0.66
0.06,0.82,0.6
0.07,0.76,0.53
0.07,0.71,0.49
0.08,0.68,0.46
0.05,0.65,0.45
0.02,0.61,0.53
0.02,0.56,0.6
0.08,0.48,0.57
0.11,0.39,0.48
0.07,0.33,0.4
0.04,0.31,0.29
0.1,0.25,0.28
0.13,0.24,0.27
0.14,0.19,0.24
0.13,0.13,0.18
0.07,0.06,0.13
0.02,0.03,0.13
0.04,-0.05,0.11
0.05,-0.11,0.1
0.02,-0.11,0.13
-0.01,-0.1,0.18
-0.05,-0.1,0.2
-0.09,-0.13,0.24
-0.1,-0.13,0.34
-0.09,-0.14,0.4
-0.04,-0.13,0.47
-0.02,-0.12,0.55
-0.02,-0.12,0.62
-0.04,-0.11,0.66
-0.09,-0.11,0.68
-0.15,-0.11,0.7
-0.2,-0.11,0.73
-0.22,-0.1,0.78
-0.21,-0.09,0.85
-0.19,-0.07,0.9
-0.19,-0.05,0.91
-0.19,-0.06,0.9
-0.17,-0.1,0.89
-0.18,-0.1,0.88
-0.19,-0.1,0.86
-0.19,-0.08,0.84
-0.2,-0.06,0.82
-0.2,-0.06,0.8
-0.18,-0.05,0.77
-0.15,-0.04,0.73
-0.13,-0.03,0.68
-0.1,-0.03,0.62
-0.07,-0.02,0.56
-0.03,-0.02,0.49
-0.01,-0.01,0.42
0.02,0,0.36
0.03,0.03,0.34
0.01,0.07,0.37
0.02,0.07,0.37
0.07,0.07,0.34
0.09,0.09,0.32
0.09,0.14,0.3
0.1,0.2,0.26
0.11,0.28,0.22
0.08,0.35,0.22
0.04,0.4,0.29
0.04,0.42,0.37
0.1,0.41,0.41
0.12,0.49,0.41
0.12,0.58,0.41
0.13,0.66,0.37
0.1,0.73,0.37
0,0.81,0.49
0,0.85,0.6
0.1,0.84,0.61
0.14,0.87,0.6
0.13,0.94,0.61
0.13,1.01,0.59
0.14,1.08,0.58
0.11,1.12,0.6
0.06,1.15,0.7
0.11,1.1,0.76
0.14,1.06,0.75
0.14,1.13,0.77
0.17,1.15,0.78
0.21,1.15,0.76
0.25,1.22,0.74
0.22,1.33,0.75
0.21,1.43,0.78
0.26,1.54,0.81
0.33,1.58,0.84
0.39,1.52,0.86
0.44,1.42,0.84
0.49,1.35,0.82
0.51,1.37,0.81
0.44,1.37,0.88
0.38,1.35,0.96
0.34,1.3,0.97
0.3,1.29,0.94
0.27,1.29,0.93
0.26,1.27,0.94
0.29,1.24,0.94
0.33,1.24,0.9
0.36,1.23,0.87
0.37,1.19,0.83
0.4,1.16,0.78
0.41,1.17,0.77
0.34,1.17,0.78
0.28,1.14,0.8
0.27,1.13,0.85
0.03,1.14,1.64
-0.01,1.11,2.29
0.46,1.05,1.89
0.29,1.02,1.12
0.06,1,0.67
0.2,0.99,0.64
0.18,1.04,0.64
0.32,1.12,0.67
0.51,1.13,0.54
0.46,1.04,0.12
0.26,1.03,-0.02
0.27,0.96,-0.12
0.18,0.9,-0.15
0.1,0.89,-0.14
0.09,0.88,-0.12
0.1,0.87,-0.1
0.09,0.86,-0.07
0.09,0.86,-0.06
0.13,0.87,-0.07
0.17,0.87,-0.07
0.2,0.87,-0.07
0.22,0.89,-0.07
0.26,0.93,-0.05
0.28,0.96,0.02
0.28,1,0.12
0.28,1.03,0.26
0.28,1.04,0.37
0.22,1.02,0.44
0.09,0.99,0.52
0,0.98,0.6
-0.03,1.02,0.68
0,1.08,0.76
0.06,1.12,0.82
0.12,1.13,0.91
0.19,1.13,0.99
0.25,1.15,1.16
0.37,1.16,1.19
0.38,1.18,1.22
0.34,1.22,1.26
0.27,1.26,1.26
0.21,1.3,1.22
0.17,1.33,1.18
0.16,1.36,1.16
0.17,1.39,1.14
0.21,1.4,1.13
0.27,1.45,1.1
0.32,1.5,1.02
0.33,1.5,0.94
0.31,1.48,0.86
0.31,1.51,0.81
0.3,1.53,0.79
0.29,1.52,0.76
0.32,1.48,0.72
0.34,1.44,0.67
0.34,1.41,0.63
0.33,1.39,0.6
0.34,1.37,0.57
0.36,1.34,0.54
0.38,1.29,0.49
0.37,1.23,0.46
0.38,1.16,0.46
0.41,1.09,0.5
0.36,0.96,0.52
0.28,0.92,0.49
0.22,0.87,0.42
0.19,0.81,0.38
0.16,0.79,0.44
0.19,0.78,0.48
0.25,0.77,0.49
0.25,0.7,0.48
0.23,0.59,0.48
0.2,0.5,0.47
0.15,0.43,0.47
0.11,0.38,0.5
0.1,0.38,0.52
0.09,0.37,0.51
0.07,0.36,0.49
0.06,0.34,0.45
0.02,0.27,0.43
-0.01,0.2,0.4
0.01,0.1,0.34
0.04,0.06,0.3
0.05,0.1,0.32
0.04,0.1,0.34
0.05,0.06,0.3
0.06,-0.01,0.25
0.05,-0.04,0.22
0.03,-0.07,0.2
-0.01,-0.06,0.38
0.04,-0.07,0.43
0.05,-0.07,0.44
0.03,-0.04,0.47
-0.03,-0.06,0.49
-0.07,-0.09,0.52
-0.11,-0.1,0.57
-0.12,-0.1,0.59
-0.1,-0.1,0.61
-0.04,-0.1,0.61
-0.01,-0.08,0.61
-0.01,-0.06,0.6
0,-0.06,0.6
0,-0.06,0.6
-0.02,-0.06,0.61
-0.05,-0.05,0.64
-0.07,-0.05,0.67
-0.07,-0.05,0.69
-0.06,-0.03,0.68
-0.05,-0.02,0.64
-0.04,-0.01,0.58
-0.03,0.01,0.55
-0.02,0.03,0.55
0.01,0.05,0.53
0.03,0.07,0.49
0.01,0.09,0.47
0.01,0.11,0.46
0.07,0.15,0.43
0.06,0.17,0.39
0.04,0.2,0.34
0.04,0.25,0.32
0.03,0.3,0.31
0.03,0.33,0.36
0.02,0.38,0.45
0.03,0.44,0.52
0.05,0.46,0.54
0.08,0.46,0.53
0.08,0.48,0.51
0.09,0.51,0.46
0.09,0.59,0.43
0.07,0.69,0.49
0.09,0.75,0.56
0.12,0.79,0.61
0.14,0.84,0.65
0.13,0.9,0.64
0.1,0.93,0.62
0.06,0.93,0.58
0.03,0.97,0.55
-0.01,1.04,0.63
0,1.07,0.72
0.06,1.1,0.74
0.08,1.14,0.77
0.08,1.13,0.73
0.04,1.25,0.69
0.05,1.26,0.68
0.03,1.27,0.7
0.02,1.32,0.77
0.04,1.36,0.84
0.1,1.36,0.85
0.12,1.36,0.86
0.11,1.35,0.87
0.09,1.34,0.86
0.04,1.33,0.84
0.01,1.31,0.83
-0.01,1.32,0.83
-0.05,1.4,0.88
-0.07,1.46,0.93
-0.06,1.47,0.93
-0.05,1.42,0.9
-0.04,1.36,0.88
-0.03,1.31,0.86
-0.04,1.25,0.86
-0.06,1.2,0.87
-0.06,1.15,0.85
-0.07,1.12,0.82
-0.11,1.11,0.82
-0.11,1.12,0.83
-0.09,1.15,0.83
-0.08,1.15,0.79
-0.14,1.19,0.88
-0.86,1.21,1.75
-1.31,1.09,2.07
-0.73,1.03,1.31
-0.35,0.99,0.82
-0.22,1.05,0.68
0.06,1.1,0.7
0.17,0.98,0.67
0.22,0.94,0.54
0.25,1.01,0.41
0.21,1.06,0.32
0.19,1.03,0.21
0.17,0.96,0.12
0.13,0.93,0.07
0.12,0.92,0.04
0.12,0.88,0.02
0.1,0.85,0.05
0.1,0.85,0.07
0.14,0.86,0.09
0.18,0.88,0.12
0.19,0.89,0.14
0.15,0.89,0.18
0.11,0.91,0.25
0.1,0.94,0.31
0.08,0.97,0.36
0.08,1.01,0.42
0.06,1.06,0.46
-0.01,1.06,0.54
-0.05,1.05,0.61
-0.02,1.04,0.67
0.01,1.05,0.76
0,1.06,0.86
-0.02,1.08,0.93
-0.05,1.09,0.97
-0.1,1.1,0.99
-0.17,1.11,1
-0.24,1.13,1.01
-0.29,1.16,1.06
-0.31,1.17,1.11
-0.32,1.2,1.16
-0.32,1.25,1.17
-0.31,1.29,1.16
-0.3,1.31,1.14
-0.29,1.35,1.09
-0.26,1.38,1.02
-0.24,1.38,1
-0.2,1.41,1.01
-0.16,1.44,0.98
-0.15,1.46,0.94
-0.11,1.46,0.87
-0.08,1.47,0.82
-0.03,1.45,0.76
0.1,1.39,0.73
0.13,1.36,0.74
0.09,1.34,0.78
0.06,1.33,0.8
0,1.29,0.76
-0.09,1.2,0.7
-0.15,1.12,0.67
-0.19,1.08,0.7
-0.18,1.05,0.75
-0.11,1.04,0.74
-0.07,1.04,0.73
-0.04,0.99,0.68
-0.03,0.93,0.62
-0.02,0.87,0.56
-0.07,0.79,0.54
-0.06,0.72,0.52
0.05,0.67,0.51
0.11,0.65,0.51
0.15,0.61,0.48
0.16,0.53,0.44
0.14,0.48,0.39
0.12,0.43,0.33
0.11,0.4,0.3
0.11,0.39,0.3
0.14,0.31,0.3
0.2,0.22,0.38
0.06,0.16,0.42
-0.03,0.15,0.46
-0.08,0.14,0.41
-0.1,0.08,0.35
-0.12,0.03,0.35
-0.14,-0.01,0.37
-0.14,-0.01,0.41
-0.15,-0.03,0.43
-0.21,-0.05,0.44
-0.25,-0.06,0.45
-0.25,-0.1,0.41
-0.26,-0.1,0.39
-0.28,-0.13,0.39
-0.28,-0.13,0.4
-0.25,-0.12,0.45
-0.21,-0.14,0.52
-0.21,-0.13,0.56
-0.24,-0.11,0.6
-0.27,-0.1,0.63
-0.27,-0.1,0.65
-0.23,-0.11,0.65
-0.2,-0.11,0.65
-0.19,-0.1,0.67
-0.17,-0.1,0.69
-0.15,-0.08,0.71
-0.15,-0.06,0.73
-0.19,-0.06,0.72
-0.2,-0.07,0.71
-0.2,-0.08,0.72
-0.19,-0.08,0.72
-0.17,-0.06,0.71
-0.14,-0.06,0.69
-0.11,-0.05,0.65
-0.1,-0.05,0.59
-0.09,-0.03,0.53
-0.06,-0.02,0.46
-0.04,0,0.39
-0.05,0.03,0.35
-0.06,0.04,0.37
-0.04,0.04,0.39
0,0.07,0.38
0.01,0.11,0.36
0.02,0.15,0.32
0.04,0.21,0.27
0.05,0.28,0.24
0.02,0.35,0.26
-0.02,0.38,0.32
0,0.34,0.39
0.08,0.3,0.42
0.13,0.36,0.42
0.11,0.47,0.4
0.09,0.6,0.34
0.05,0.83,0.37
0,0.87,0.49
0,0.84,0.58
0.02,0.83,0.59
0.01,0.88,0.6
-0.02,0.95,0.61
-0.01,1,0.61
-0.01,1.08,0.61
-0.03,1.14,0.63
-0.07,1.14,0.68
-0.07,1.16,0.75
-0.01,1.21,0.79
0.05,1.22,0.82
0.07,1.2,0.87
0.05,1.22,0.86
0.01,1.26,0.8
-0.09,1.3,0.8
-0.16,1.33,0.87
-0.1,1.34,0.92
-0.02,1.32,0.96
0,1.31,1.01
0.02,1.32,1.02
0.04,1.34,0.98
0.02,1.35,0.91
-0.03,1.34,0.88
-0.05,1.32,0.86
-0.04,1.3,0.87
-0.02,1.3,0.9
0.02,1.33,0.9
0.04,1.33,0.88
0.02,1.31,0.87
0.02,1.27,0.83
0.01,1.25,0.79
-0.01,1.24,0.77
-0.02,1.21,0.74
-0.04,1.17,0.71
-0.07,1.13,0.69
-0.04,1.12,0.68
0.02,1.11,0.66
0.1,1.09,0.64
0.12,1.11,0.67
0.1,1.14,1.39
-0.29,1.09,2.43
-0.55,1.07,2.14
-0.42,1.04,1.16
-0.37,1.03,0.67
-0.15,1.09,0.49
0.07,1.1,0.49
0.17,1.09,0.47
0.31,1.11,0.39
0.41,1.06,0.26
0.33,0.94,0.1
0.21,0.96,0.01
0.23,0.93,-0.07
0.18,0.89,-0.09
0.13,0.88,-0.07
0.11,0.87,-0.06
0.11,0.86,-0.05
0.12,0.86,-0.03
0.14,0.87,0
0.18,0.89,0.03
0.22,0.92,0.06
0.25,0.95,0.09
0.26,0.97,0.13
0.28,0.98,0.14
0.28,0.99,0.15
0.25,1,0.16
0.22,1.01,0.2
0.19,1.03,0.24
0.16,1.03,0.28
0.11,1.02,0.33
0.06,1.04,0.4
0,1.08,0.49
-0.04,1.09,0.59
-0.07,1.09,0.68
-0.1,1.08,0.72
-0.15,1.05,0.73
-0.21,1.03,0.79
-0.28,1.06,0.9
-0.3,1.11,0.94
-0.31,1.15,0.99
-0.31,1.19,1.03
-0.28,1.23,1.05
-0.26,1.23,1.04
-0.23,1.23,1.02
-0.22,1.24,0.99
-0.23,1.28,0.99
-0.23,1.31,0.98
-0.22,1.36,1
-0.2,1.4,1.04
-0.16,1.43,1.01
-0.11,1.45,0.95
-0.06,1.47,0.9
-0.08,1.46,0.9
-0.07,1.44,0.88
-0.01,1.46,0.85
0.02,1.47,0.85
0.03,1.48,0.86
0.05,1.5,0.86
0.05,1.49,0.86
0.01,1.46,0.87
0,1.42,0.86
-0.01,1.37,0.83
-0.03,1.3,0.79
-0.03,1.15,0.76
-0.01,1.15,0.74
0.01,1.16,0.69
0.04,1.14,0.64
0.05,1.1,0.6
0.05,1.05,0.57
0.07,0.99,0.52
0.09,0.92,0.45
0.07,0.9,0.41
0.02,0.89,0.41
0.03,0.82,0.41
0.05,0.71,0.42
0.07,0.58,0.43
0.09,0.47,0.4
0.09,0.43,0.32
0.08,0.41,0.23
0.05,0.4,0.2
0.01,0.41,0.24
0.03,0.36,0.31
0.1,0.27,0.33
0.13,0.17,0.28
0.13,0.07,0.21
0.13,0.01,0.14
0.11,0.01,0.09
0.07,0.06,0.08
0.08,0.08,0.11
0.12,0,0.15
0.15,-0.04,0.21
0.08,-0.08,0.28
0.03,-0.13,0.31
-0.01,-0.14,0.3
-0.06,-0.08,0.33
-0.09,-0.05,0.4
-0.09,-0.06,0.49
-0.05,-0.05,0.56
-0.01,-0.04,0.59
-0.01,-0.04,0.61
-0.04,-0.04,0.64
-0.08,-0.06,0.69
-0.1,-0.05,0.75
-0.13,-0.04,0.75
-0.17,-0.03,0.75
-0.19,-0.01,0.76
-0.2,0.01,0.79
-0.19,0.02,0.8
-0.18,0.01,0.78
-0.16,0.01,0.75
-0.14,0.01,0.72
-0.12,0.02,0.68
-0.11,0.03,0.65
-0.1,0.03,0.62
-0.08,0.05,0.59
-0.07,0.1,0.51
-0.06,0.15,0.49
-0.07,0.16,0.47
-0.07,0.15,0.45
-0.06,0.14,0.43
-0.03,0.16,0.38
-0.02,0.2,0.35
-0.01,0.24,0.35
0.02,0.28,0.36
0.06,0.31,0.37
0.09,0.36,0.37
0.1,0.45,0.38
0.09,0.55,0.39
0.09,0.6,0.4
0.09,0.61,0.37
0.07,0.63,0.36
0.06,0.66,0.4
0.07,0.72,0.44
0.1,0.85,0.47
0.09,0.98,0.49
0.07,1.02,0.54
0.05,1,0.57
0.04,0.98,0.58
0.03,0.94,0.57
0.02,0.95,0.57
-0.03,1.03,0.64
-0.03,1.13,0.75
0.01,1.18,0.75
-0.02,1.3,0.8
0.01,1.25,0.81
0.05,1.22,0.81
0.06,1.19,0.83
0.06,1.2,0.84
0.05,1.26,0.88
0.07,1.35,0.93
0.11,1.42,0.94
0.11,1.48,0.93
0.08,1.48,0.91
0.06,1.44,0.89
0.06,1.38,0.89
0.06,1.32,0.89
0.05,1.28,0.88
0.08,1.26,0.87
0.12,1.27,0.86
0.16,1.27,0.85
0.18,1.26,0.84
0.18,1.24,0.82
0.2,1.2,0.79
0.19,1.19,0.77
0.16,1.15,0.76
0.13,1.09,0.73
0.15,1.13,0.7
0.17,1.16,0.71
0.19,1.18,0.7
0.2,1.17,0.69
0.17,1.16,0.65
0.1,1.11,1.33
-0.12,1.15,2.24
-0.29,1.24,2.13
-0.37,1.09,1.22
-0.47,0.94,0.59
-0.38,1.03,0.48
-0.28,1.13,0.45
-0.21,1.14,0.5
0.06,1.14,0.44
0.34,1.03,0.28
0.32,0.92,0.16
0.17,0.94,0.1
0.15,0.95,0
0.19,0.91,-0.1
0.19,0.87,-0.12
0.15,0.86,-0.11
0.13,0.86,-0.09
0.14,0.86,-0.07
0.14,0.87,-0.05
0.16,0.87,-0.02
0.18,0.88,-0.01
0.22,0.9,-0.01
0.23,0.91,-0.01
0.25,0.97,0
0.25,0.98,0.01
0.22,0.99,0.05
0.17,0.98,0.1
0.15,0.98,0.14
0.14,0.99,0.2
0.12,1.01,0.26
0.09,1.02,0.34
0.07,1.01,0.44
0.07,1.02,0.5
0.05,1.04,0.55
-0.01,1.05,0.62
-0.06,1.06,0.68
-0.1,1.07,0.74
-0.11,1.07,0.8
-0.1,1.08,0.87
-0.13,1.09,0.95
-0.15,1.12,1.02
-0.15,1.14,1.06
-0.14,1.15,1.09
-0.17,1.17,1.1
-0.22,1.18,1.12
-0.25,1.21,1.12
-0.28,1.24,1.12
-0.3,1.28,1.12
-0.32,1.33,1.14
-0.28,1.44,1.14
-0.25,1.48,1.14
-0.23,1.55,1.14
-0.22,1.59,1.14
-0.22,1.48,1.08
-0.2,1.49,1.05
-0.16,1.6,1.01
-0.13,1.57,0.95
-0.13,1.52,0.93
-0.12,1.51,0.94
-0.07,1.52,0.94
0,1.5,0.91
0.07,1.5,0.85
0.12,1.51,0.77
0.14,1.51,0.7
0.15,1.48,0.65
0.16,1.46,0.62
0.18,1.42,0.58
0.2,1.36,0.56
0.19,1.27,0.56
0.2,1.17,0.55
0.18,1.08,0.56
0.14,1.04,0.57
0.15,1,0.55
0.19,0.94,0.47
0.21,0.91,0.34
0.22,0.81,0.33
0.21,0.75,0.36
0.19,0.66,0.37
0.17,0.51,0.34
0.14,0.38,0.3
0.12,0.22,0.21
0.15,0.24,0.16
0.19,0.34,0.16
0.2,0.31,0.13
0.2,0.24,0.09
0.18,0.17,0.09
0.16,0.09,0.16
0.09,0.02,0.18
0.03,-0.04,0.13
0.04,-0.07,0.16
0.08,-0.05,0.24
0.13,-0.09,0.28
0.14,-0.08,0.3
0.12,-0.07,0.3
0.06,-0.11,0.28
-0.03,-0.12,0.31
-0.11,-0.12,0.37
-0.15,-0.14,0.43
-0.16,-0.16,0.51
-0.14,-0.19,0.55
-0.09,-0.19,0.56
-0.1,-0.12,0.55
-0.14,-0.12,0.55
-0.18,-0.12,0.59
-0.2,-0.11,0.64
-0.19,-0.1,0.68
-0.16,-0.09,0.72
-0.15,-0.08,0.72
-0.14,-0.09,0.71
-0.13,-0.1,0.69
-0.12,-0.09,0.67
-0.12,-0.07,0.66
-0.14,-0.05,0.65
-0.12,-0.04,0.62
-0.1,-0.03,0.59
-0.07,-0.01,0.55
-0.05,0,0.49
-0.03,0.01,0.43
-0.02,0.02,0.4
-0.02,0.02,0.41
0,0.08,0.42
0.01,0.15,0.42
0.01,0.19,0.41
0.03,0.21,0.38
0.06,0.25,0.34
0.08,0.27,0.3
0.09,0.29,0.29
0.11,0.32,0.34
0.11,0.37,0.38
0.1,0.5,0.42
0.08,0.64,0.43
0.08,0.72,0.43
0.09,0.75,0.39
0.09,0.77,0.38
0.06,0.78,0.41
0.03,0.79,0.47
0.04,0.8,0.5
0.06,0.87,0.51
0.06,0.97,0.54
0.09,1.04,0.58
0.12,1.11,0.62
0.1,1.16,0.68
0.09,1.15,0.71
0.11,1.14,0.69
0.11,1.21,0.68
0.06,1.26,0.7
0.03,1.29,0.73
0.01,1.33,0.76
0.01,1.37,0.8
0.03,1.39,0.86
0.05,1.42,0.9
0.09,1.42,0.91
0.12,1.41,0.89
0.15,1.4,0.82
0.12,1.41,0.84
0.09,1.42,0.88
0.11,1.43,0.88
0.12,1.42,0.87
0.13,1.42,0.88
0.14,1.43,0.89
0.16,1.44,0.88
0.19,1.44,0.89
0.21,1.41,0.85
0.21,1.36,0.82
0.21,1.31,0.79
0.23,1.28,0.76
0.22,1.26,0.75
0.21,1.25,0.74
0.2,1.2,0.74
0.19,1.18,0.73
0.23,1.19,0.73
0.28,1.22,1.47
-0.13,1.17,2.53
-0.7,1.17,2.68
-0.5,1.27,1.98
-0.15,1.04,1.13
0.01,0.93,0.75
0.25,1.11,0.61
0.47,1.16,0.48
0.67,1,0.28
0.24,1.02,0.18
0.15,1.1,0.07
0.13,1.09,-0.03
0.04,1.03,-0.08
-0.01,0.98,-0.08
0.01,0.92,-0.06
0.06,0.85,-0.03
0.1,0.81,0.01
0.12,0.79,0.03
0.17,0.78,0.03
0.25,0.79,0.01
0.32,0.81,-0.03
0.33,0.85,-0.06
0.32,0.89,-0.09
0.3,0.92,-0.11
0.3,0.93,-0.12
0.3,0.92,-0.12
0.27,0.92,-0.1
0.27,0.92,-0.07
0.25,0.91,-0.05
0.23,0.91,-0.02
0.2,0.93,0.01
0.18,0.94,0.03
0.16,0.95,0.05
0.15,0.96,0.07
0.15,0.96,0.11
0.13,0.97,0.16
0.15,0.98,0.2
0.17,0.99,0.25
0.15,1,0.29
0.1,1.01,0.34
0.07,1.01,0.37
0.04,1.02,0.39
0,1.04,0.44
-0.02,1.06,0.5
-0.04,1.07,0.57
-0.09,1.08,0.64
-0.11,1.07,0.69
-0.13,1.05,0.73
-0.15,1.04,0.75
-0.16,1.05,0.77
-0.18,1.08,0.8
-0.19,1.1,0.84
-0.17,1.13,0.88
-0.14,1.18,0.92
-0.13,1.2,0.94
-0.12,1.2,0.96
-0.11,1.23,0.93
-0.1,1.25,0.9
-0.07,1.26,0.9
-0.04,1.29,0.91
0.01,1.32,0.96
0.07,1.38,0.99
0.08,1.36,1.02
0.09,1.33,1.02
0.09,1.29,1.02
0.09,1.28,1.02
0.07,1.31,1.02
0.06,1.35,1.01
0.05,1.37,1
0.04,1.39,1.01
0.05,1.42,1.03
0.08,1.44,1.03
0.11,1.43,1.02
0.14,1.43,0.98
0.16,1.43,0.94
0.17,1.45,0.89
0.19,1.46,0.86
0.21,1.44,0.83
0.23,1.4,0.8
0.24,1.37,0.76
0.26,1.32,0.7
0.27,1.26,0.66
0.29,1.18,0.62
0.35,1.1,0.56
0.38,1.07,0.52
0.39,1.06,0.48
0.43,0.9,0.41
0.4,0.75,0.38
0.35,0.67,0.32
0.33,0.67,0.24
0.28,0.57,0.15
0.3,0.48,0.11
0.36,0.46,0.11
0.37,0.42,0.14
0.37,0.38,0.2
0.33,0.27,0.21
0.25,0.17,0.16
0.19,0.11,0.13
0.16,0.08,0.08
0.21,0.1,0.03
0.23,0.1,0.05
0.17,0.09,0.08
0.14,0,0.07
0.12,-0.02,0.11
0.08,0,0.14
0.02,-0.02,0.16
-0.04,-0.05,0.21
-0.06,-0.1,0.28
-0.02,-0.14,0.35
0.03,-0.15,0.37
0.01,-0.12,0.37
-0.03,-0.08,0.36
-0.06,-0.07,0.39
-0.15,-0.06,0.47
-0.17,-0.07,0.56
-0.16,-0.09,0.62
-0.14,-0.08,0.63
-0.15,-0.06,0.6
-0.15,-0.06,0.55
-0.12,-0.06,0.51
-0.09,-0.04,0.49
-0.07,0.01,0.48
-0.03,0.06,0.49
0.01,0.1,0.5
0.03,0.13,0.48
0.02,0.12,0.46
0.02,0.12,0.45
0.05,0.14,0.42
0.09,0.17,0.38
0.11,0.2,0.32
0.06,0.25,0.31
0.01,0.28,0.36
0.04,0.29,0.38
0.1,0.34,0.37
0.13,0.41,0.33
0.14,0.48,0.3
0.15,0.54,0.27
0.18,0.57,0.23
0.17,0.62,0.3
0.06,0.74,0.4
0.08,0.82,0.46
0.12,0.92,0.48
0.14,0.98,0.48
0.17,0.99,0.44
0.21,0.99,0.39
0.21,1.03,0.39
0.18,1.09,0.45
0.18,1.19,0.53
0.19,1.28,0.63
0.2,1.39,0.7
0.2,1.41,0.72
0.17,1.41,0.7
0.15,1.44,0.64
0.16,1.38,0.61
0.18,1.36,0.63
0.19,1.38,0.7
0.22,1.44,0.76
0.27,1.54,0.8
0.29,1.6,0.84
0.32,1.62,0.85
0.34,1.58,0.83
0.31,1.52,0.83
0.26,1.48,0.82
0.22,1.45,0.8
0.18,1.44,0.9
0.22,1.47,0.93
0.26,1.49,0.94
0.27,1.49,0.96
0.28,1.46,0.99
0.32,1.4,1.02
0.35,1.34,1
0.37,1.29,0.99
0.38,1.24,0.99
0.35,1.2,1.15
-0.23,0.85,2.34
0.06,1.08,3.36
0.67,1.53,2.54
0.19,1.09,1.26
-0.01,0.77,0.72
-0.12,1.01,0.75
-0.11,1.21,0.81
0.22,1.09,0.6
0.28,1.01,0.35
0.05,1.05,0.27
0.02,1.05,0.18
0.17,1.02,0.03
0.25,0.97,-0.08
0.26,0.95,-0.12
0.25,0.93,-0.13
0.23,0.94,-0.15
0.18,0.94,-0.18
0.17,0.89,-0.18
0.2,0.89,-0.17
0.19,0.9,-0.13
0.19,0.92,-0.1
0.23,0.93,-0.07
0.24,0.93,-0.06
0.24,0.93,-0.07
0.23,0.93,-0.08
0.2,0.93,-0.09
0.17,0.92,-0.08
0.15,0.91,-0.07
0.15,0.91,-0.03
0.16,0.91,-0.01
0.17,0.91,0.01
0.19,0.92,0.03
0.18,0.93,0.05
0.16,0.94,0.06
0.15,0.95,0.07
0.15,0.95,0.07
0.15,0.95,0.09
0.15,0.95,0.11
0.15,0.96,0.13
0.17,0.97,0.16
0.18,0.98,0.2
0.18,0.98,0.24
0.16,0.98,0.32
0.13,0.99,0.37
0.1,1.02,0.42
0.07,1.03,0.48
0.04,1.03,0.54
0.03,1.05,0.59
0.01,1.05,0.63
-0.03,1.04,0.69
-0.07,1.02,0.75
-0.08,1.01,0.82
-0.07,1.03,0.86
-0.07,1.06,0.9
-0.08,1.08,0.95
-0.07,1.09,0.99
-0.04,1.1,1.03
-0.04,1.12,1.04
-0.08,1.13,1.09
-0.12,1.17,1.13
-0.09,1.21,1.15
-0.09,1.23,1.2
-0.16,1.26,1.22
-0.21,1.31,1.2
-0.26,1.39,1.17
-0.3,1.49,1.13
-0.28,1.65,1.11
-0.24,1.72,1.14
-0.2,1.72,1.14
-0.08,1.69,1.07
-0.03,1.64,1.02
-0.02,1.6,1
-0.02,1.63,1
-0.02,1.64,0.99
0.02,1.63,0.94
0.07,1.61,0.87
0.09,1.56,0.84
0.1,1.51,0.82
0.13,1.49,0.77
0.15,1.49,0.72
0.14,1.49,0.65
0.15,1.46,0.57
0.16,1.4,0.49
0.18,1.32,0.44
0.24,1.21,0.4
0.29,1.12,0.39
0.3,1.06,0.39
0.28,1.01,0.37
0.26,0.93,0.3
0.26,0.83,0.22
0.27,0.69,0.13
0.32,0.61,0.09
0.37,0.52,0.06
0.4,0.45,0.11
0.42,0.44,0.2
0.35,0.34,0.25
0.3,0.25,0.17
0.27,0.17,0.08
0.26,0.18,0.02
0.27,0.17,-0.01
0.24,0.16,0.01
0.18,0.15,0.07
0.12,0.09,0.11
0.07,0.01,0.14
0.03,-0.06,0.21
0,-0.1,0.24
0.03,-0.12,0.26
0.08,-0.1,0.3
0.06,-0.09,0.36
0,-0.08,0.4
-0.08,-0.07,0.41
-0.19,-0.07,0.43
-0.27,-0.1,0.48
-0.28,-0.14,0.56
-0.23,-0.15,0.65
-0.17,-0.12,0.71
-0.13,-0.06,0.7
-0.14,-0.01,0.65
-0.18,-0.02,0.61
-0.23,-0.04,0.59
-0.24,-0.05,0.61
-0.25,-0.02,0.74
-0.21,-0.02,0.77
-0.16,-0.02,0.78
-0.12,-0.01,0.74
-0.09,-0.01,0.69
-0.09,-0.01,0.63
-0.08,0,0.57
-0.07,0.04,0.55
-0.06,0.07,0.57
-0.04,0.09,0.59
-0.01,0.11,0.58
0,0.13,0.53
0.02,0.15,0.46
0.03,0.16,0.39
0.02,0.18,0.33
0.01,0.22,0.3
-0.01,0.27,0.31
0,0.33,0.36
0.02,0.39,0.41
0.06,0.42,0.43
0.1,0.42,0.41
0.14,0.44,0.36
0.14,0.49,0.3
0.07,0.56,0.33
0.03,0.64,0.39
0.05,0.72,0.41
0.08,0.86,0.48
0.1,0.88,0.48
0.12,0.89,0.44
0.09,0.92,0.43
0.01,0.97,0.5
-0.01,0.96,0.61
0.04,1,0.58
0.05,1.14,0.53
0.03,1.23,0.6
0.08,1.25,0.64
0.17,1.21,0.68
0.19,1.19,0.71
0.18,1.24,0.71
0.15,1.26,0.72
0.08,1.27,0.8
0.04,1.29,0.85
0.01,1.34,0.85
-0.02,1.4,0.85
-0.03,1.45,0.84
-0.01,1.48,0.84
0.04,1.49,0.81
0.07,1.47,0.78
0.06,1.44,0.76
0.02,1.41,0.81
0.01,1.38,0.89
0.04,1.37,0.9
0.05,1.35,0.89
0.05,1.35,0.88
0.05,1.35,0.86
0.06,1.36,0.82
0.06,1.35,0.79
0.06,1.34,0.76
0.09,1.34,0.75
0.15,1.32,0.76
0.16,1.27,0.76
0.17,1.21,0.75
0.06,0.98,1.46
-0.28,0.84,2.85
-0.37,1.39,3.14
-0.34,1.56,1.97
-0.25,1.1,0.89
0.02,0.97,0.57
0.2,1.05,0.55
0.33,1.13,0.6
0.35,1.12,0.57
0.26,1,0.47
0.04,0.93,0.4
-0.06,0.97,0.3
0.06,1,0.17
0.13,0.96,0.06
0.14,0.92,0
0.12,0.93,0
0.08,0.94,-0.06
0.03,0.91,-0.1
0.02,0.89,-0.09
0.05,0.88,-0.08
0.11,0.89,-0.04
0.17,0.9,-0.01
0.2,0.9,-0.01
0.23,0.91,-0.02
0.28,0.92,-0.05
0.32,0.93,-0.08
0.33,0.93,-0.1
0.33,0.93,-0.11
0.32,0.93,-0.12
0.31,0.93,-0.1
0.3,0.92,-0.08
0.28,0.91,-0.05
0.25,0.91,-0.03
0.23,0.91,-0.01
0.23,0.91,0.01
0.23,0.93,0.02
0.23,0.95,0.03
0.22,0.95,0.03
0.21,0.94,0.04
0.21,0.93,0.04
0.22,0.93,0.05
0.23,0.95,0.08
0.24,0.97,0.15
0.22,0.98,0.17
0.22,0.99,0.18
0.21,0.99,0.19
0.2,0.99,0.21
0.19,1.01,0.25
0.21,1.04,0.31
0.23,1.05,0.37
0.2,1.04,0.45
0.16,1.04,0.51
0.1,1.01,0.54
0.02,0.98,0.57
-0.07,0.97,0.62
-0.15,0.97,0.66
-0.17,1,0.68
-0.15,1.05,0.7
-0.13,1.09,0.74
-0.13,1.09,0.79
-0.12,1.07,0.83
-0.13,1.08,0.85
-0.14,1.1,0.86
-0.15,1.11,0.9
-0.15,1.14,0.97
-0.13,1.17,1.04
-0.12,1.19,1.09
-0.13,1.2,1.11
-0.17,1.26,1.1
-0.18,1.31,1.1
-0.18,1.34,1.11
-0.18,1.33,1.1
-0.15,1.37,1.08
-0.11,1.46,1.05
-0.08,1.5,1.01
-0.05,1.54,0.98
-0.03,1.57,0.97
-0.01,1.59,0.94
0.01,1.6,0.93
0.04,1.62,0.93
0.06,1.62,0.92
0.07,1.61,0.89
0.08,1.59,0.87
0.1,1.53,0.84
0.13,1.46,0.81
0.16,1.41,0.78
0.17,1.39,0.76
0.18,1.39,0.74
0.21,1.39,0.69
0.19,1.37,0.65
0.17,1.31,0.62
0.17,1.25,0.61
0.18,1.18,0.6
0.17,1.11,0.57
0.15,1.07,0.47
0.19,0.98,0.45
0.25,0.9,0.45
0.3,0.82,0.44
0.3,0.72,0.41
0.28,0.59,0.38
0.2,0.56,0.37
0.16,0.56,0.32
0.17,0.53,0.22
0.18,0.48,0.17
0.22,0.42,0.15
0.26,0.36,0.13
0.23,0.29,0.16
0.14,0.23,0.2
0.08,0.18,0.21
0.02,0.14,0.18
0.02,0.03,0.13
0.09,-0.01,0.18
0.13,-0.01,0.22
0.12,0,0.22
0.05,0.05,0.27
0,-0.01,0.27
-0.03,-0.1,0.27
-0.07,-0.14,0.32
-0.06,-0.16,0.35
-0.03,-0.18,0.4
-0.03,-0.17,0.53
-0.02,-0.14,0.55
-0.03,-0.1,0.52
-0.05,-0.09,0.48
-0.09,-0.09,0.47
-0.13,-0.11,0.5
-0.14,-0.13,0.55
-0.12,-0.14,0.62
-0.08,-0.12,0.67
-0.05,-0.09,0.68
-0.04,-0.07,0.66
-0.05,-0.07,0.63
-0.07,-0.07,0.58
-0.1,-0.06,0.54
-0.11,-0.05,0.51
-0.09,-0.03,0.49
-0.06,-0.01,0.48
-0.01,0.02,0.47
0.04,0.07,0.44
0.05,0.1,0.39
0.05,0.11,0.32
0.03,0.11,0.28
0.01,0.12,0.28
-0.02,0.14,0.3
-0.03,0.18,0.33
-0.02,0.22,0.34
0.02,0.27,0.31
0.09,0.47,0.28
0.05,0.51,0.27
0,0.51,0.31
-0.02,0.5,0.34
0.02,0.49,0.34
0.07,0.52,0.37
0.09,0.62,0.39
0.1,0.76,0.43
0.11,0.88,0.45
0.1,0.97,0.47
0.08,1.03,0.51
0.07,1.04,0.5
0.09,1.05,0.47
0.11,1.07,0.48
0.1,1.06,0.56
0.14,1.07,0.54
0.21,1.33,0.52
0.16,1.3,0.74
0.18,1.24,0.86
0.25,1.4,0.83
0.19,1.43,0.87
0.17,1.43,0.84
0.17,1.38,0.77
0.15,1.39,0.77
0.16,1.45,0.77
0.19,1.51,0.86
0.25,1.62,0.92
0.26,1.63,0.98
0.26,1.63,1.02
0.25,1.58,1.03
0.26,1.51,1.01
0.25,1.43,1
0.21,1.38,0.99
0.18,1.35,0.97
0.16,1.29,0.95
0.19,1.24,0.93
0.22,1.24,0.91
0.23,1.23,0.9
0.26,1.22,0.88
0.3,1.24,0.86
0.34,1.22,0.85
0.37,1.19,0.8
0.35,1.18,0.76
0.29,1.16,0.73
0.28,1.16,0.76
0.14,1.15,1.43
-0.23,1.09,2.58
-0.42,1.15,2.4
-0.2,1.2,1.34
0.06,1.07,0.86
0.09,0.99,0.69
0.24,1,0.44
0.6,1.03,0.34
0.31,1.02,0.31
0.06,1.05,0.25
0.05,1.06,0.11
0.02,1.01,0
0,0.98,-0.04
0.06,0.97,-0.04
0.13,0.94,-0.04
0.19,0.9,-0.04
0.24,0.87,-0.02
0.27,0.86,0.01
0.3,0.87,0.03
0.32,0.89,0.03
0.32,0.9,0.01
0.29,0.91,-0.01
0.27,0.92,-0.02
0.27,0.93,-0.03
0.26,0.94,-0.04
0.26,0.94,-0.04
0.27,0.93,-0.04
0.28,0.92,-0.03
0.27,0.9,-0.02
0.25,0.89,0.01
0.23,0.87,0.03
0.24,0.87,0.04
0.26,0.88,0.06
0.27,0.92,0.09
0.27,0.92,0.08
0.26,0.93,0.08
0.24,0.93,0.08
0.22,0.93,0.09
0.22,0.94,0.1
0.23,0.94,0.11
0.24,0.94,0.13
0.24,0.94,0.14
0.24,0.93,0.15
0.23,0.93,0.16
0.23,0.93,0.17
0.22,0.93,0.17
0.23,0.93,0.18
0.23,0.93,0.19
0.24,0.93,0.2
0.24,0.93,0.21
0.24,0.93,0.22
0.24,0.94,0.24
0.23,0.94,0.28
0.21,0.94,0.32
0.2,0.95,0.36
0.18,0.95,0.42
0.15,0.96,0.44
0.14,0.97,0.41
0.15,0.97,0.35
0.18,0.96,0.29
0.24,0.95,0.26
0.26,0.96,0.24
0.29,0.97,0.23
0.29,0.96,0.22
0.28,0.96,0.2
0.28,0.96,0.18
0.27,0.95,0.16
0.26,0.95,0.15
0.25,0.94,0.14
0.25,0.94,0.12
0.24,0.94,0.12
0.24,0.93,0.13
0.24,0.92,0.13
0.25,0.92,0.12
0.26,0.91,0.13
0.26,0.91,0.15
0.26,0.92,0.16
0.25,0.94,0.16
0.25,0.94,0.14
0.24,0.94,0.13
0.24,0.93,0.13
0.25,0.93,0.13
0.26,0.94,0.14
0.24,0.95,0.18
0.22,0.98,0.24
0.23,1,0.3
0.19,0.98,0.33
0.16,0.97,0.38
0.11,0.98,0.46
0.07,0.97,0.54
0.04,0.98,0.6
0.01,0.97,0.65
0.01,0.97,0.67
-0.01,0.99,0.68
-0.03,1.01,0.71
-0.04,1.03,0.77
-0.06,1.05,0.81
-0.06,1.07,0.86
-0.06,1.07,0.94
-0.06,1.08,1.01
-0.09,1.11,1.07
-0.12,1.15,1.1
-0.18,1.18,1.1
-0.23,1.22,1.1
-0.27,1.22,1.08
-0.27,1.23,1.08
-0.24,1.29,1.09
-0.22,1.32,1.13
-0.2,1.34,1.14
-0.19,1.39,1.15
-0.19,1.42,1.15
-0.18,1.48,1.1
-0.17,1.48,1.07
-0.16,1.49,1.04
-0.13,1.49,1.04
-0.1,1.49,1.05
-0.06,1.5,1.03
-0.03,1.51,1
-0.02,1.5,0.99
-0.01,1.53,0.99
0.04,1.56,0.96
0.07,1.5,0.92
0.08,1.42,0.88
0.09,1.37,0.81
0.1,1.31,0.77
0.14,1.28,0.74
0.19,1.28,0.7
0.2,1.27,0.68
0.18,1.19,0.67
0.18,1.1,0.64
0.18,1.02,0.62
0.18,0.96,0.61
0.18,0.92,0.56
0.18,0.87,0.5
0.18,0.79,0.44
0.21,0.67,0.38
0.18,0.6,0.4
0.17,0.46,0.4
0.17,0.41,0.37
0.18,0.35,0.29
0.18,0.29,0.22
0.19,0.21,0.14
0.23,0.15,0.06
0.2,0.12,0.03
0.11,0.08,0.04
0.01,0,0.07
-0.02,-0.09,0.11
0.01,-0.18,0.12
0,-0.2,0.12
0.01,-0.14,0.15
0.03,-0.14,0.17
0.01,-0.17,0.19
-0.03,-0.19,0.21
-0.09,-0.24,0.25
-0.13,-0.28,0.26
-0.13,-0.25,0.28
-0.13,-0.19,0.32
-0.15,-0.14,0.36
-0.16,-0.13,0.4
-0.16,-0.17,0.45
-0.17,-0.22,0.5
-0.2,-0.23,0.56
-0.21,-0.19,0.63
-0.23,-0.13,0.73
-0.26,-0.06,0.74
-0.28,-0.06,0.74
-0.3,-0.1,0.75
-0.31,-0.13,0.77
-0.32,-0.14,0.81
-0.34,-0.12,0.84
-0.35,-0.1,0.84
-0.35,-0.09,0.83
-0.35,-0.08,0.81
-0.34,-0.06,0.8
-0.32,-0.05,0.78
-0.28,-0.05,0.72
-0.22,-0.05,0.65
-0.16,-0.06,0.57
-0.12,-0.07,0.5
-0.06,-0.06,0.46
-0.02,-0.04,0.43
-0.01,-0.01,0.4
0,0.03,0.37
0.02,0.05,0.33
0.03,0.05,0.3
0.04,0.08,0.28
0.05,0.12,0.26
0.06,0.21,0.24
0.08,0.3,0.22
0.08,0.37,0.2
0.06,0.45,0.23
0.07,0.5,0.27
0.11,0.51,0.29
0.13,0.52,0.29
0.16,0.6,0.31
0.17,0.72,0.34
0.16,0.84,0.35
0.13,0.94,0.39
0.09,1,0.43
0.1,1.04,0.45
0.13,1.09,0.46
0.11,0.98,0.55
0.17,1.06,0.57
0.2,1.26,0.53
0.16,1.28,0.62
0.19,1.31,0.7
0.21,1.37,0.72
0.18,1.41,0.75
0.17,1.47,0.77
0.16,1.54,0.77
0.16,1.59,0.79
0.21,1.63,0.83
0.23,1.63,0.87
0.24,1.64,0.93
0.24,1.63,0.98
0.25,1.63,1.07
0.26,1.57,1.05
0.26,1.54,1.04
0.25,1.52,1.05
0.28,1.5,1.02
0.31,1.5,0.97
0.3,1.48,0.98
0.31,1.45,1
0.34,1.39,0.99
0.39,1.35,0.97
0.37,1.33,0.93
0.33,1.3,0.9
0.31,1.26,0.88
0.31,1.22,0.84
0.14,1.1,1.59
-0.37,1.09,3.19
-0.68,1.45,3.4
-0.52,1.37,1.94
-0.21,0.92,0.9
-0.01,0.92,0.68
0.11,1.08,0.66
0.2,1.17,0.66
0.32,1.18,0.57
0.49,1.1,0.42
0.33,1.06,0.29
0.15,1.04,0.15
0.17,0.97,-0.17
0.14,0.88,-0.17
0.17,0.87,-0.15
0.21,0.86,-0.13
0.22,0.86,-0.11
0.23,0.88,-0.11
0.25,0.9,-0.12
0.27,0.91,-0.14
0.28,0.92,-0.16
0.3,0.93,-0.17
0.31,0.94,-0.17
0.31,0.93,-0.15
0.31,0.92,-0.13
0.32,0.92,-0.11
0.32,0.91,-0.09
0.29,0.91,-0.09
0.26,0.91,-0.08
0.23,0.92,-0.06
0.21,0.92,-0.05
0.19,0.92,-0.03
0.19,0.92,-0.01
0.21,0.92,0.01
0.23,0.93,0.03
0.23,0.94,0.05
0.23,0.95,0.07
0.22,0.96,0.08
0.2,0.96,0.09
0.21,0.95,0.11
0.23,0.95,0.13
0.25,0.97,0.2
0.24,0.99,0.35
0.15,1,0.59
0.01,1.02,0.71
-0.02,1.01,0.63
0.01,0.99,0.49
-0.01,0.97,0.37
-0.02,0.95,0.29
0.04,0.97,0.25
0.11,1.01,0.26
0.17,1.02,0.28
0.19,1.01,0.28
0.2,1.01,0.26
0.21,1.02,0.23
0.17,1.01,0.24
0.14,0.98,0.26
0.15,0.98,0.3
0.16,0.99,0.33
0.13,1,0.37
0.09,1.02,0.43
0.06,1.03,0.5
0.04,1.05,0.55
0.01,1.06,0.62
-0.01,1.08,0.79
-0.01,1.16,0.84
-0.02,1.17,0.88
-0.06,1.16,0.93
-0.08,1.16,0.98
-0.09,1.17,1.04
-0.11,1.17,1.09
-0.11,1.2,1.12
-0.13,1.25,1.14
-0.15,1.31,1.14
-0.19,1.36,1.14
-0.23,1.34,1.15
-0.22,1.39,1.13
-0.16,1.52,1.11
-0.12,1.55,1.09
-0.09,1.56,1.11
-0.03,1.59,1.12
-0.02,1.58,1.09
-0.03,1.57,1.03
-0.04,1.55,0.97
-0.03,1.56,0.91
-0.01,1.58,0.91
0.05,1.57,0.91
0.12,1.53,0.86
0.15,1.5,0.81
0.16,1.46,0.78
0.17,1.45,0.76
0.17,1.44,0.69
0.16,1.37,0.66
0.16,1.29,0.63
0.17,1.21,0.58
0.17,1.14,0.55
0.14,1.1,0.55
0.14,1.02,0.51
0.16,0.95,0.45
0.16,0.9,0.4
0.18,0.79,0.36
0.19,0.75,0.38
0.21,0.67,0.4
0.22,0.59,0.38
0.21,0.56,0.36
0.21,0.53,0.32
0.16,0.47,0.25
0.09,0.37,0.19
0.07,0.31,0.18
0.1,0.23,0.2
0.13,0.14,0.22
0.15,0.1,0.23
0.13,0.09,0.22
0.11,0.06,0.19
0.04,0.05,0.16
-0.05,0.09,0.15
-0.08,0.01,0.13
-0.07,-0.03,0.17
-0.02,-0.1,0.22
0.01,-0.18,0.24
0.03,-0.16,0.26
0.01,-0.1,0.28
-0.02,-0.1,0.3
-0.03,-0.12,0.32
-0.05,-0.13,0.4
-0.07,-0.13,0.49
-0.08,-0.14,0.56
-0.09,-0.14,0.59
-0.11,-0.12,0.61
-0.15,-0.09,0.64
-0.19,-0.09,0.67
-0.2,-0.13,0.72
-0.19,-0.13,0.81
-0.17,-0.1,0.89
-0.17,-0.07,0.91
-0.18,-0.06,0.88
-0.21,-0.07,0.85
-0.24,-0.08,0.83
-0.26,-0.08,0.82
-0.25,-0.07,0.82
-0.22,-0.06,0.83
-0.17,-0.06,0.87
-0.11,-0.02,0.89
-0.07,-0.01,0.82
-0.07,-0.02,0.77
-0.1,0,0.73
-0.14,0.02,0.72
-0.17,0.03,0.71
-0.16,0.03,0.69
-0.13,0.03,0.67
-0.09,0.03,0.64
-0.05,0.05,0.58
-0.03,0.08,0.52
-0.02,0.09,0.46
0.01,0.1,0.42
0.03,0.12,0.38
0.04,0.13,0.35
0.04,0.19,0.32
0.06,0.25,0.31
0.06,0.31,0.3
0.06,0.37,0.28
0.07,0.4,0.26
0.09,0.42,0.23
0.1,0.48,0.21
0.11,0.52,0.19
0.1,0.57,0.19
0.09,0.66,0.23
0.1,0.78,0.28
0.12,0.87,0.32
0.13,0.98,0.42
0.08,1.01,0.42
0.08,1.01,0.36
0.06,1.03,0.34
-0.03,0.93,0.42
0.03,1.04,0.48
0.12,1.28,0.51
0.07,1.29,0.55
0.04,1.37,0.58
0.06,1.4,0.59
0.1,1.41,0.59
0.09,1.45,0.62
0.11,1.5,0.64
0.14,1.53,0.67
0.14,1.59,0.7
0.15,1.63,0.72
0.16,1.65,0.72
0.18,1.66,0.73
0.2,1.67,0.73
0.19,1.69,0.76
0.16,1.71,0.86
0.12,1.7,0.97
0.1,1.66,1.03
0.11,1.61,1.07
0.14,1.58,1.09
0.19,1.57,1.1
0.21,1.49,1.07
0.26,1.47,1.02
0.27,1.42,1.01
0.29,1.36,1.01
0.22,1.37,1.87
-0.51,1.24,3.36
-1.13,1.17,3.28
-0.34,1.27,1.97
0.31,1.17,1.17
0.29,0.99,0.96
0.48,0.97,0.91
0.66,1.02,0.78
0.72,0.95,0.55
0.43,0.93,0.36
0.16,1.05,0.21
0.22,1.12,0.04
0.28,1.13,-0.1
0.15,1.09,-0.17
-0.02,1.06,-0.18
-0.11,0.99,-0.16
-0.18,0.91,-0.12
-0.19,0.86,-0.07
-0.15,0.86,-0.05
-0.04,0.86,-0.07
0.08,0.87,-0.12
0.18,0.88,-0.17
0.24,0.89,-0.23
0.27,0.91,-0.24
0.28,0.93,-0.24
0.28,0.93,-0.23
0.27,0.93,-0.2
0.25,0.92,-0.16
0.21,0.91,-0.13
0.18,0.91,-0.12
0.19,0.92,-0.1
0.18,0.94,-0.09
0.15,0.95,-0.07
0.14,0.96,-0.05
0.14,0.97,-0.04
0.14,0.98,-0.03
0.13,0.98,-0.01
0.14,0.97,0.01
0.14,0.96,0.04
0.15,0.95,0.06
0.17,0.95,0.08
0.19,0.95,0.1
0.19,0.95,0.12
0.19,0.96,0.14
0.16,1.01,0.3
-0.05,1.08,0.59
-0.28,1.11,0.87
-0.29,1,0.94
-0.12,0.9,0.46
0.14,0.98,0.3
0.27,0.91,0.26
0.33,0.94,0.31
0.31,0.99,0.41
0.28,1.01,0.47
0.28,1.05,0.46
0.26,1.07,0.41
0.19,1.04,0.37
0.11,1.03,0.35
0.08,1.05,0.37
0.07,1.05,0.44
0.04,1.04,0.51
0.03,1.05,0.56
0.04,1.07,0.59
0.05,1.08,0.6
0.06,1.09,0.63
0.09,1.09,0.67
0.11,1.08,0.7
0.13,1.07,0.71
0.15,1.09,0.73
0.15,1.12,0.75
0.15,1.14,0.79
0.12,1.17,0.84
0.08,1.21,0.89
0.01,1.22,0.91
-0.07,1.21,0.95
-0.18,1.17,0.97
-0.18,1.29,1.01
-0.2,1.3,1.02
-0.22,1.32,1.03
-0.23,1.39,1.03
-0.23,1.5,1.03
-0.25,1.54,1.05
-0.24,1.56,1.03
-0.19,1.51,0.99
-0.13,1.4,0.95
-0.04,1.34,0.93
0.02,1.32,0.94
0.01,1.34,0.95
0.02,1.39,0.96
0.05,1.42,0.93
0.08,1.41,0.86
0.13,1.39,0.79
0.17,1.34,0.74
0.21,1.29,0.72
0.23,1.27,0.69
0.21,1.27,0.68
0.16,1.25,0.67
0.12,1.2,0.66
0.13,1.16,0.63
0.14,1.12,0.62
0.21,1.06,0.55
0.29,0.9,0.53
0.28,0.85,0.52
0.27,0.81,0.5
0.25,0.74,0.47
0.23,0.69,0.47
0.21,0.6,0.45
0.22,0.45,0.4
0.26,0.41,0.38
0.3,0.41,0.37
0.31,0.31,0.31
0.26,0.29,0.26
0.18,0.27,0.2
0.1,0.2,0.19
0.05,0.14,0.22
0.07,0.11,0.24
0.11,-0.01,0.24
0.15,-0.12,0.19
0.13,-0.09,0.17
0.06,-0.04,0.14
-0.03,-0.05,0.12
-0.06,-0.11,0.12
-0.04,-0.15,0.12
0,-0.16,0.15
0.03,-0.16,0.19
0.03,-0.16,0.24
-0.01,-0.15,0.31
-0.1,-0.13,0.37
-0.13,-0.12,0.42
-0.13,-0.12,0.48
-0.11,-0.13,0.56
-0.08,-0.11,0.63
-0.08,-0.06,0.67
-0.13,-0.02,0.7
-0.2,-0.03,0.76
-0.26,-0.04,0.84
-0.28,-0.05,0.9
-0.28,-0.03,0.95
-0.3,-0.02,0.97
-0.32,-0.02,0.97
-0.31,-0.04,0.93
-0.29,-0.06,0.89
-0.29,-0.06,0.88
-0.28,-0.07,0.9
-0.25,-0.05,0.91
-0.23,-0.03,0.89
-0.26,-0.01,0.86
-0.27,0,0.82
-0.25,-0.01,0.76
-0.23,-0.02,0.68
-0.21,-0.01,0.61
-0.19,0.02,0.55
-0.15,0.05,0.42
-0.11,0.06,0.37
-0.1,0.06,0.36
-0.09,0.08,0.35
-0.09,0.12,0.37
-0.06,0.16,0.36
-0.03,0.23,0.32
-0.03,0.29,0.27
-0.02,0.32,0.23
-0.01,0.34,0.18
0,0.36,0.17
0.01,0.4,0.2
0.06,0.46,0.25
0.11,0.56,0.3
0.15,0.66,0.34
0.18,0.72,0.34
0.21,0.78,0.31
0.24,0.83,0.27
0.22,0.9,0.28
0.14,0.97,0.36
0.1,1.04,0.47
0.07,0.92,0.54
0.18,0.96,0.51
0.27,1.18,0.48
0.2,1.24,0.51
0.15,1.3,0.52
0.14,1.35,0.56
0.1,1.42,0.66
0.1,1.43,0.74
0.14,1.46,0.76
0.15,1.51,0.77
0.17,1.56,0.8
0.19,1.57,0.83
0.2,1.55,0.85
0.21,1.51,0.87
0.19,1.49,0.91
0.16,1.48,0.97
0.17,1.49,1.02
0.21,1.5,1.04
0.25,1.51,1.03
0.27,1.54,1
0.27,1.57,1
0.22,1.54,1.01
0.16,1.46,1.03
0.12,1.39,1.04
0.08,1.33,1.06
0.07,1.29,1.13
0.11,1.3,1.18
0.18,1.25,1.18
0.24,1.16,1.13
-0.14,1.12,2.32
-0.37,1.21,3.28
0.29,1.19,2.51
0.6,0.95,1.13
0.33,1.08,0.98
0.52,1.18,0.76
0.49,1.06,0.47
0.15,0.99,0.39
0.05,1.02,0.34
0.19,1.06,0.22
0.3,1.04,0.08
0.28,0.97,-0.05
0.22,0.94,-0.14
0.21,0.93,-0.21
0.2,0.92,-0.24
0.19,0.91,-0.24
0.15,0.91,-0.22
0.09,0.92,-0.2
0.04,0.93,-0.19
0.02,0.92,-0.2
0.03,0.91,-0.19
0.07,0.9,-0.18
0.12,0.9,-0.17
0.16,0.89,-0.16
0.19,0.88,-0.15
0.21,0.88,-0.14
0.23,0.9,-0.13
0.23,0.92,-0.11
0.2,0.93,-0.1
0.15,0.96,-0.09
0.11,0.96,-0.07
0.13,0.96,-0.04
0.16,0.96,0
0.17,0.95,0.03
0.19,0.95,0.06
0.21,0.95,0.08
0.22,0.95,0.09
0.21,0.95,0.11
0.18,0.95,0.13
0.15,0.96,0.16
0.08,0.99,0.28
-0.18,1.12,0.75
-0.43,1.14,1.15
-0.3,1.05,1.04
-0.03,1.05,0.74
0.13,1.04,0.52
0.26,0.94,0.35
0.36,0.9,0.27
0.4,0.96,0.28
0.41,1.02,0.31
0.39,1.05,0.3
0.3,1.05,0.26
0.17,1.02,0.24
0.07,0.98,0.22
0.01,0.97,0.24
-0.04,0.97,0.34
-0.05,0.97,0.36
-0.04,0.98,0.37
-0.06,1.01,0.4
-0.07,1.03,0.44
-0.07,1.04,0.47
-0.06,1.03,0.49
-0.05,1.03,0.5
-0.04,1.05,0.51
-0.01,1.07,0.53
0.03,1.09,0.57
0.06,1.1,0.62
0.1,1.11,0.66
0.13,1.1,0.71
0.15,1.08,0.78
0.14,1.07,0.85
0.13,1.09,0.91
0.1,1.14,0.94
0.04,1.17,0.98
0,1.2,1
0,1.24,1.05
-0.02,1.28,1.1
-0.05,1.33,1.13
-0.07,1.39,1.16
-0.1,1.43,1.17
-0.12,1.4,1.18
-0.09,1.55,1.2
-0.02,1.58,1.18
-0.05,1.58,1.16
-0.06,1.56,1.08
-0.07,1.52,0.98
-0.08,1.5,0.94
-0.07,1.54,0.95
-0.07,1.56,1
-0.04,1.53,1.02
-0.02,1.48,0.97
-0.07,1.43,0.9
-0.09,1.39,0.82
-0.1,1.38,0.73
-0.1,1.36,0.67
-0.05,1.33,0.61
-0.03,1.28,0.59
-0.01,1.23,0.6
0.03,1.15,0.59
0.06,1.08,0.53
0.06,1.04,0.47
0.09,0.99,0.44
0.16,0.89,0.39
0.22,0.78,0.33
0.22,0.72,0.26
0.2,0.69,0.22
0.2,0.61,0.19
0.16,0.42,0.22
0.17,0.31,0.18
0.19,0.26,0.15
0.21,0.24,0.13
0.21,0.22,0.12
0.19,0.2,0.12
0.16,0.18,0.12
0.12,0.11,0.1
0.07,-0.02,0.06
0.07,-0.1,0.06
0.08,-0.1,0.11
0.08,-0.08,0.2
0.07,-0.08,0.26
0.06,-0.11,0.28
0.03,-0.13,0.26
0.02,-0.16,0.22
0,-0.15,0.21
-0.03,-0.14,0.28
-0.04,-0.12,0.38
-0.04,-0.09,0.46
-0.06,-0.1,0.51
-0.1,-0.14,0.53
-0.15,-0.16,0.57
-0.18,-0.15,0.65
-0.16,-0.09,0.73
-0.15,-0.02,0.77
-0.15,-0.01,0.8
-0.15,-0.06,0.81
-0.13,-0.06,0.81
-0.14,-0.05,0.81
-0.14,-0.05,0.82
-0.14,-0.05,0.82
-0.13,-0.04,0.83
-0.12,-0.02,0.82
-0.12,0,0.78
-0.13,0.03,0.72
-0.14,0.05,0.66
-0.13,0.05,0.62
-0.12,0.05,0.59
-0.1,0.05,0.55
-0.07,0.05,0.52
-0.03,0.05,0.49
-0.01,0.07,0.45
-0.01,0.12,0.4
-0.01,0.16,0.36
0.01,0.19,0.32
0.01,0.23,0.3
-0.02,0.27,0.31
-0.02,0.29,0.3
0.02,0.3,0.27
0.06,0.33,0.24
0.08,0.4,0.21
0.09,0.51,0.24
0.07,0.68,0.29
0.05,0.72,0.35
0.07,0.73,0.37
0.08,0.75,0.37
0.07,0.81,0.37
0.08,0.91,0.36
0.09,1.01,0.36
0.06,1.13,0.39
0.03,1.23,0.44
0.01,1.22,0.39
0.06,1.28,0.4
0.1,1.31,0.51
0.11,1.25,0.56
0.16,1.34,0.62
0.17,1.43,0.67
0.15,1.5,0.72
0.12,1.59,0.78
0.09,1.63,0.84
0.07,1.62,0.88
0.06,1.59,0.91
0.07,1.54,0.92
0.1,1.51,0.93
0.1,1.5,0.95
0.09,1.52,1
0.1,1.57,1.06
0.13,1.6,1.16
0.18,1.57,1.17
0.17,1.53,1.17
0.17,1.49,1.14
0.18,1.45,1.1
0.17,1.39,1.06
0.18,1.34,1.01
0.19,1.31,0.98
0.18,1.27,0.98
0.17,1.2,0.94
0.13,1.14,0.9
0.11,1.13,0.86
0.01,1.06,1.43
-0.26,1.04,2.39
-0.82,1.21,2.43
-0.69,1.24,1.56
-0.35,1.07,0.91
-0.59,1.04,0.72
-0.63,1.12,0.66
-0.29,1.18,0.7
0.24,1.14,0.6
0.43,1.04,0.4
0.28,1.01,0.33
0.16,0.99,0.27
0.23,0.96,0.13
0.26,0.93,0.04
0.24,0.93,-0.01
0.3,0.89,-0.02
0.29,0.88,-0.01
0.29,0.9,-0.02
0.29,0.9,-0.03
0.3,0.89,-0.04
0.29,0.9,-0.04
0.29,0.9,-0.04
0.29,0.9,-0.04
0.29,0.91,-0.05
0.28,0.92,-0.06
0.28,0.92,-0.05
0.3,0.9,-0.04
0.31,0.9,-0.02
0.29,0.9,0
0.27,0.91,0.01
0.28,0.91,0
0.28,0.9,0
0.29,0.9,0.01
0.29,0.9,0.02
0.29,0.91,0.03
0.3,0.91,0.04
0.31,0.91,0.06
0.3,0.91,0.07
0.3,0.91,0.08
0.3,0.92,0.09
0.31,0.92,0.12
0.28,0.93,0.14
0.27,0.93,0.16
0.26,0.94,0.17
0.25,0.94,0.17
0.24,0.94,0.18
0.23,0.95,0.19
0.23,0.95,0.2
0.23,0.93,0.22
0.24,0.94,0.26
0.25,0.96,0.37
0.21,0.98,0.53
0.14,1,0.63
0.09,0.98,0.63
0.04,0.95,0.57
0,0.94,0.45
-0.04,0.93,0.36
-0.04,0.94,0.33
0.03,0.97,0.35
0.13,1,0.37
0.2,1,0.36
0.2,0.99,0.31
0.16,1,0.27
0.14,0.99,0.25
0.14,0.99,0.26
0.13,0.98,0.3
0.13,0.98,0.45
0.1,1.01,0.51
0.07,1.03,0.54
0.04,1.05,0.55
0.03,1.07,0.56
0.03,1.09,0.6
0.04,1.11,0.64
0.09,1.11,0.72
0.15,1.12,0.82
0.17,1.11,0.87
0.17,1.12,0.91
0.16,1.14,0.94
0.14,1.12,0.96
0.12,1.13,1
0.08,1.16,1.04
0.02,1.21,1.07
-0.04,1.29,1.09
-0.11,1.36,1.11
-0.17,1.4,1.12
-0.2,1.45,1.14
-0.2,1.49,1.16
-0.19,1.51,1.18
-0.14,1.51,1.16
-0.07,1.47,1.12
-0.01,1.47,1.07
0.02,1.51,1.04
0.03,1.52,1
0.09,1.46,0.95
0.15,1.43,0.91
0.23,1.43,0.89
0.28,1.44,0.9
0.29,1.43,0.91
0.28,1.4,0.87
0.27,1.35,0.79
0.25,1.33,0.72
0.22,1.34,0.71
0.22,1.34,0.71
0.26,1.3,0.68
0.31,1.23,0.63
0.32,1.13,0.59
0.31,1.04,0.57
0.32,0.97,0.52
0.38,0.9,0.45
0.36,0.85,0.42
0.3,0.82,0.43
0.29,0.76,0.39
0.3,0.61,0.3
0.29,0.48,0.21
0.3,0.45,0.15
0.32,0.4,0.08
0.33,0.36,0.06
0.3,0.36,0.09
0.22,0.31,0.12
0.17,0.07,0.09
0.08,0,0.07
0.07,0.02,0.06
0.07,0.07,0.09
0.04,0.01,0.15
0.01,-0.07,0.2
-0.01,-0.08,0.22
-0.06,-0.11,0.22
-0.14,-0.11,0.22
-0.17,-0.12,0.22
-0.17,-0.14,0.23
-0.14,-0.14,0.27
-0.14,-0.13,0.37
-0.15,-0.13,0.5
-0.2,-0.14,0.62
-0.26,-0.15,0.69
-0.3,-0.15,0.7
-0.31,-0.12,0.66
-0.33,-0.09,0.61
-0.35,-0.08,0.63
-0.33,-0.1,0.74
-0.24,-0.12,0.83
-0.17,-0.14,0.88
-0.2,-0.13,0.91
-0.25,-0.12,0.92
-0.26,-0.11,0.9
-0.26,-0.07,0.87
-0.24,-0.06,0.87
-0.23,-0.06,0.88
-0.23,-0.06,0.91
-0.23,-0.06,0.91
-0.22,-0.05,0.9
-0.21,-0.05,0.88
-0.21,-0.05,0.85
-0.2,-0.06,0.83
-0.17,-0.06,0.8
-0.15,-0.07,0.76
-0.13,-0.07,0.72
-0.1,-0.06,0.67
-0.08,-0.06,0.63
-0.06,-0.05,0.58
-0.05,-0.02,0.51
-0.03,0,0.45
-0.01,0.02,0.4
0.01,0.03,0.35
0.01,0.04,0.32
0.01,0.05,0.31
0.04,0.07,0.28
0.06,0.14,0.24
0.07,0.23,0.22
0.07,0.3,0.22
0.06,0.34,0.22
0.07,0.35,0.23
0.1,0.36,0.23
0.12,0.41,0.24
0.15,0.48,0.24
0.15,0.59,0.25
0.14,0.72,0.27
0.13,0.82,0.28
0.09,0.86,0.29
0.08,0.88,0.32
0.09,0.91,0.34
0.1,0.93,0.37
0.08,0.85,0.48
0.15,0.97,0.46
0.15,1.15,0.37
0.09,1.27,0.4
0.11,1.48,0.44
0.13,1.58,0.48
0.14,1.64,0.51
0.14,1.6,0.55
0.17,1.54,0.58
0.2,1.55,0.62
0.21,1.55,0.67
0.23,1.54,0.71
0.25,1.61,0.78
0.25,1.75,0.87
0.23,1.81,0.92
0.23,1.82,0.91
0.24,1.77,0.9
0.27,1.71,0.92
0.29,1.62,0.96
0.29,1.55,0.99
0.33,1.49,1.01
0.34,1.45,1.02
0.37,1.46,1.05
0.39,1.45,1.1
0.44,1.43,1.11
0.49,1.39,1.1
0.51,1.34,1.08
0.61,1.27,1.03
0.23,1.46,1.79
-0.69,1.66,3.27
-0.71,1.16,3.38
-0.24,0.68,2.19
0.04,0.98,1.29
0.42,1.14,0.81
0.63,0.96,0.54
0.58,1.04,0.43
0.39,1.19,0.38
0.29,1.24,0.3
0.13,1.16,0.21
-0.01,1.07,0.08
0.01,1.01,-0.08
0.08,0.94,-0.21
0.18,0.84,-0.15
0.17,0.82,-0.1
0.2,0.82,-0.08
0.24,0.83,-0.1
0.25,0.85,-0.14
0.25,0.89,-0.18
0.24,0.91,-0.2
0.2,0.91,-0.2
0.18,0.92,-0.21
0.2,0.95,-0.2
0.23,0.97,-0.17
0.26,0.96,-0.14
0.28,0.94,-0.12
0.29,0.93,-0.11
0.3,0.92,-0.11
0.28,0.91,-0.09
0.27,0.91,-0.06
0.28,0.93,-0.04
0.28,0.94,-0.02
0.27,0.95,0
0.25,0.96,0.01
0.24,0.97,0.02
0.23,0.97,0.03
0.24,0.98,0.05
0.24,0.97,0.07
0.25,0.97,0.09
0.23,0.97,0.08
0.19,0.97,0.13
-0.01,0.98,0.32
-0.13,1.03,0.5
-0.08,1.02,0.53
-0.14,0.99,0.58
-0.13,1.01,0.62
-0.09,1.01,0.51
-0.02,0.97,0.34
0.14,0.95,0.21
0.21,0.97,0.16
0.23,0.99,0.15
0.23,0.99,0.17
0.22,1,0.16
0.21,1,0.14
0.18,1.01,0.13
0.14,1,0.11
0.13,0.98,0.09
0.15,0.96,0.07
0.18,0.94,0.05
0.2,0.93,0.04
0.21,0.91,0.05
0.19,0.9,0.06
0.19,0.9,0.05
0.21,0.91,0.04
0.22,0.93,0.04
0.22,0.93,0.04
0.23,0.94,0.05
0.24,0.95,0.05
0.25,0.95,0.04
0.24,0.96,0.04
0.23,0.96,0.06
0.22,0.96,0.08
0.18,0.95,0.1
0.16,0.95,0.11
0.15,0.95,0.12
0.16,0.96,0.14
0.15,0.96,0.16
0.14,0.96,0.17
0.15,0.97,0.17
0.17,0.98,0.17
0.18,0.97,0.17
0.19,0.97,0.17
0.2,0.96,0.16
0.21,0.95,0.15
0.2,0.95,0.14
0.19,0.96,0.13
0.19,0.97,0.12
0.18,0.97,0.12
0.16,0.96,0.11
0.17,0.96,0.1
0.17,0.96,0.1
0.17,0.97,0.11
0.17,0.97,0.12
0.17,0.97,0.12
0.15,0.96,0.13
0.13,0.97,0.14
0.13,0.97,0.18
0.14,0.97,0.24
0.13,0.98,0.3
0.12,1,0.36
0.1,1.01,0.41
0.05,1.01,0.46
0.01,1.02,0.51
-0.01,1.02,0.54
-0.05,1.05,0.59
-0.09,1.1,0.68
-0.1,1.13,0.76
-0.09,1.14,0.84
-0.06,1.15,0.91
-0.03,1.16,0.97
-0.02,1.18,1
-0.03,1.18,1.05
-0.04,1.19,1.1
-0.03,1.19,1.16
-0.04,1.21,1.2
-0.06,1.23,1.2
-0.1,1.24,1.2
-0.11,1.35,1.17
-0.09,1.42,1.13
-0.07,1.47,1.11
-0.03,1.54,1.08
0.01,1.59,1.04
0.05,1.63,1.03
0.1,1.66,1.04
0.1,1.66,1.03
0.1,1.69,0.99
0.11,1.7,0.92
0.11,1.67,0.89
0.13,1.63,0.88
0.17,1.57,0.86
0.19,1.51,0.87
0.18,1.46,0.9
0.16,1.43,0.88
0.12,1.42,0.84
0.06,1.4,0.79
0.02,1.36,0.75
0.02,1.29,0.7
0.07,1.19,0.64
0.11,1.13,0.58
0.16,1.11,0.53
0.18,1.09,0.53
0.15,1.07,0.52
0.15,1.01,0.35
0.13,0.77,0.29
0.11,0.68,0.3
0.13,0.63,0.32
0.17,0.57,0.32
0.23,0.52,0.29
0.25,0.48,0.23
0.23,0.41,0.14
0.2,0.32,0.11
0.2,0.23,0.1
0.2,0.15,0.13
0.19,0.08,0.17
0.16,0.03,0.19
0.1,0.01,0.22
0.06,-0.01,0.19
0.07,-0.02,0.12
0.09,-0.03,0.1
0.07,-0.01,0.16
0.02,-0.01,0.26
-0.04,-0.07,0.3
-0.08,-0.16,0.28
-0.11,-0.23,0.27
-0.13,-0.23,0.31
-0.11,-0.2,0.34
-0.09,-0.2,0.36
-0.07,-0.21,0.37
-0.06,-0.18,0.41
-0.17,-0.16,0.54
-0.22,-0.19,0.58
-0.23,-0.22,0.62
-0.2,-0.22,0.68
-0.19,-0.17,0.75
-0.2,-0.11,0.8
-0.22,-0.08,0.82
-0.25,-0.09,0.82
-0.29,-0.13,0.82
-0.29,-0.15,0.85
-0.27,-0.15,0.93
-0.25,-0.12,1.01
-0.24,-0.08,1.06
-0.26,-0.07,1.07
-0.28,-0.08,1.04
-0.3,-0.1,1
-0.31,-0.12,1
-0.3,-0.12,1.03
-0.28,-0.1,1.08
-0.29,-0.08,1.12
-0.3,-0.08,1.14
-0.32,-0.09,1.13
-0.33,-0.09,1.09
-0.34,-0.1,1.04
-0.35,-0.1,0.98
-0.33,-0.1,0.93
-0.3,-0.08,0.84
-0.2,-0.08,0.79
-0.16,-0.08,0.73
-0.15,-0.07,0.65
-0.14,-0.06,0.58
-0.14,-0.06,0.52
-0.13,-0.07,0.44
-0.11,-0.07,0.38
-0.07,-0.06,0.34
-0.04,-0.04,0.29
-0.03,-0.03,0.23
-0.02,-0.02,0.17
0,0,0.13
0,0.03,0.09
0,0.07,0.06
0.02,0.11,0.06
0.05,0.14,0.06
0.1,0.18,0.04
0.13,0.23,0.03
0.13,0.3,0.01
0.1,0.37,0
0.09,0.46,0
0.1,0.57,-0.01
0.11,0.66,0
0.12,0.77,0.03
0.14,0.88,0.05
0.15,1.01,0.2
0.24,1.02,0.26
0.32,1.05,0.26
0.29,1.05,0.35
0.27,1.17,0.31
0.33,1.45,0.19
0.26,1.59,0.26
0.17,1.62,0.38
0.19,1.6,0.49
0.29,1.65,0.54
0.36,1.68,0.54
0.38,1.71,0.55
0.4,1.84,0.62
0.42,1.92,0.7
0.42,1.93,0.73
0.41,1.92,0.74
0.44,1.94,0.76
0.48,1.95,0.8
0.56,1.98,0.84
0.58,1.99,0.88
0.55,1.98,0.89
0.55,1.96,0.88
0.5,1.95,0.91
0.46,1.92,0.94
0.46,1.89,0.95
0.48,1.85,1
-0.54,1.92,3.99
-0.65,1.82,2.98
0.35,0.44,0.99
0.37,0.21,0.39
0.73,1.02,0.9
0.94,1.33,1.09
1.16,1.3,1.12
0.86,1.19,0.91
0.31,1.09,0.6
0.11,1.04,0.32
0.13,1.04,0
0.1,1.01,-0.26
0.05,0.93,-0.32
-0.01,0.88,-0.25
-0.05,0.88,-0.2
0.01,0.86,-0.15
0.04,0.84,-0.12
0.1,0.83,-0.14
0.19,0.84,-0.18
0.21,0.86,-0.22
0.21,0.89,-0.23
0.21,0.91,-0.24
0.23,0.91,-0.25
0.24,0.93,-0.25
0.25,0.94,-0.26
0.26,0.92,-0.28
0.26,0.89,-0.27
0.2,0.88,-0.24
0.18,0.88,-0.19
0.18,0.9,-0.15
0.19,0.92,-0.11
0.21,0.93,-0.09
0.22,0.94,-0.06
0.21,0.95,-0.05
0.2,0.95,-0.04
0.19,0.96,-0.03
0.19,0.96,-0.01
0.19,0.97,0.02
0.2,0.98,0.04
0.22,0.98,0.06
0.23,1,0.08
0.23,1,0.11
0.23,1.01,0.13
0.24,1.01,0.15
0.26,1.02,0.17
0.26,1.02,0.17
0.26,1.05,0.24
0.21,1.11,0.66
0.02,1.13,1.19
-0.23,1.01,1.24
-0.28,0.94,0.82
-0.13,0.95,0.41
0.02,0.93,0.21
0.3,0.99,0.22
0.36,1.03,0.22
0.32,1.06,0.19
0.22,1.05,0.15
0.16,1.03,0.11
0.15,1.02,0.05
0.15,0.99,0.02
0.15,0.97,-0.01
0.16,0.95,-0.03
0.16,0.92,-0.04
0.17,0.9,-0.03
0.19,0.9,-0.01
0.22,0.9,0
0.23,0.91,0.01
0.24,0.92,0.02
0.24,0.93,0.02
0.23,0.94,0.01
0.21,0.94,0
0.2,0.94,-0.01
0.19,0.95,-0.01
0.18,0.95,0
0.16,0.95,0.01
0.14,0.96,0.02
0.13,0.96,0.03
0.14,0.95,0.04
0.15,0.95,0.09
0.17,0.95,0.14
0.17,0.95,0.17
0.17,0.95,0.21
0.19,0.97,0.25
0.19,0.99,0.3
0.16,1,0.35
0.13,1,0.4
0.11,1.01,0.42
0.09,1.03,0.45
0.09,1.05,0.49
0.09,1.05,0.53
0.11,1.05,0.58
0.12,1.05,0.63
0.1,1.06,0.68
0.08,1.06,0.71
0.05,1.06,0.72
0.04,1.07,0.73
0.02,1.07,0.75
0.03,1.09,0.8
0.07,1.1,0.84
0.07,1.1,0.87
0.07,1.13,0.88
0.07,1.15,0.85
0.04,1.17,0.84
0.02,1.2,0.85
0.02,1.23,0.89
0.01,1.28,0.9
0,1.32,0.91
-0.03,1.38,0.93
-0.04,1.44,0.93
-0.03,1.46,0.94
-0.03,1.46,0.97
0.01,1.4,0.99
0.04,1.35,1.01
0.04,1.29,0.99
0,1.22,0.95
-0.05,1.2,0.91
-0.03,1.22,0.92
0.04,1.26,0.96
0.1,1.28,1.02
0.11,1.28,1.04
0.1,1.28,1
0.04,1.31,0.93
-0.03,1.32,0.84
-0.06,1.29,0.79
-0.06,1.23,0.79
-0.03,1.21,0.79
0.05,1.22,0.76
0.09,1.22,0.74
0.08,1.18,0.73
0.1,1.13,0.66
0.1,1.06,0.58
0.16,0.89,0.57
0.19,0.82,0.55
0.25,0.78,0.53
0.27,0.74,0.54
0.2,0.71,0.53
0.18,0.61,0.45
0.16,0.49,0.41
0.13,0.37,0.41
0.16,0.33,0.43
0.2,0.35,0.45
0.19,0.33,0.4
0.2,0.3,0.33
0.15,0.23,0.29
0.09,0.2,0.26
0.1,0.11,0.24
0.12,0.01,0.29
0.1,-0.04,0.34
0.08,-0.03,0.35
0.02,0.01,0.34
-0.07,0.04,0.32
-0.09,0.01,0.27
-0.08,-0.09,0.23
-0.07,-0.15,0.28
-0.06,-0.16,0.37
-0.07,-0.17,0.43
-0.09,-0.2,0.44
-0.12,-0.17,0.41
-0.14,-0.13,0.4
-0.14,-0.12,0.4
-0.11,-0.15,0.43
-0.11,-0.16,0.46
-0.14,-0.16,0.5
-0.16,-0.14,0.52
-0.17,-0.12,0.54
-0.19,-0.11,0.58
-0.19,-0.12,0.6
-0.17,-0.13,0.6
-0.17,-0.14,0.6
-0.18,-0.15,0.59
-0.19,-0.15,0.59
-0.2,-0.14,0.59
-0.19,-0.12,0.59
-0.17,-0.08,0.57
-0.15,-0.03,0.55
-0.13,-0.01,0.53
-0.1,-0.02,0.49
-0.09,-0.03,0.44
-0.1,-0.03,0.39
-0.09,-0.02,0.36
-0.05,0,0.34
-0.03,0.02,0.31
-0.02,0.05,0.31
0.03,0.23,0.31
0.03,0.29,0.32
0.06,0.33,0.29
0.09,0.35,0.25
0.1,0.36,0.22
0.09,0.39,0.21
0.07,0.44,0.22
0.05,0.52,0.29
0.06,0.6,0.37
0.11,0.69,0.41
0.12,0.78,0.43
0.11,0.84,0.42
0.09,0.88,0.4
0.09,0.91,0.37
0.06,0.96,0.4
0.03,1.01,0.49
0,1.04,0.47
0.06,1.15,0.49
0.13,1.21,0.6
0.15,1.21,0.63
0.2,1.31,0.64
0.22,1.35,0.64
0.22,1.38,0.67
0.22,1.44,0.73
0.23,1.49,0.77
0.2,1.54,0.82
0.14,1.59,0.84
0.16,1.59,0.82
0.17,1.59,0.81
0.19,1.58,0.79
0.2,1.6,0.78
0.2,1.64,0.79
0.22,1.69,0.8
0.22,1.71,0.8
0.23,1.67,0.82
0.23,1.61,0.84
0.23,1.58,0.82
0.22,1.53,0.78
0.19,1.52,0.75
0.22,1.51,0.75
0.27,1.49,0.77
0.29,1.48,0.79
-0.45,1.06,2.39
-1.99,1.22,3.99
-1.18,1.63,2.4
0.29,0.92,0.55
0.23,0.64,0.31
0.42,1.06,0.44
0.62,1.31,0.47
0.6,1.35,0.42
0.43,1.14,0.4
0.33,0.95,0.18
0.29,0.86,-0.39
0.23,0.78,-0.51
0.2,0.71,-0.5
0.22,0.7,-0.44
0.22,0.73,-0.38
0.18,0.76,-0.3
0.15,0.8,-0.2
0.21,0.86,-0.13
0.27,0.9,-0.11
0.31,0.94,-0.11
0.33,0.98,-0.13
0.35,0.99,-0.15
0.35,0.99,-0.18
0.35,1,-0.19
0.36,1,-0.19
0.36,0.99,-0.18
0.35,0.97,-0.14
0.31,0.96,-0.09
0.28,0.96,-0.04
0.25,0.95,-0.01
0.23,0.94,0.01
0.24,0.95,0.03
0.24,0.96,0.05
0.22,0.97,0.08
0.16,0.96,0.13
0.11,0.99,0.19
0.02,1.02,0.39
-0.22,1,0.45
-0.15,1,0.36
0.02,1.01,0.21
0.1,1,0.12
0.12,1.01,0.1
0.13,1.03,0.11
0.13,1.04,0.1
0.12,1.04,0.08
0.08,1.04,0.06
0.05,1.07,0.04
0.06,1.13,0.03
0.06,1.22,0.01
0.06,1.3,0
0.05,1.34,-0.01
0.04,1.34,0
0.04,1.3,0.02
0.02,1.23,0.05
0,1.15,0.06
-0.02,1.08,0.08
-0.03,1.01,0.11
-0.04,0.94,0.13
-0.03,0.88,0.15
-0.01,0.84,0.14
0.04,0.83,0.11
0.08,0.83,0.09
0.12,0.91,0.07
0.17,0.94,0.08
0.19,0.96,0.1
0.2,0.96,0.1
0.22,0.94,0.11
0.22,0.9,0.12
0.22,0.86,0.14
0.21,0.82,0.15
0.21,0.78,0.16
0.21,0.75,0.16
0.22,0.73,0.16
0.24,0.73,0.15
0.25,0.73,0.13
0.27,0.74,0.12
0.31,0.76,0.14
0.34,0.77,0.17
0.37,0.77,0.18
0.38,0.78,0.21
0.41,0.81,0.24
0.43,0.83,0.25
0.44,0.83,0.26
0.46,0.84,0.27
0.47,0.85,0.26
0.47,0.87,0.26
0.48,0.89,0.26
0.51,0.9,0.27
0.54,0.89,0.31
0.61,0.89,0.32
0.64,0.89,0.32
0.65,0.9,0.31
0.65,0.91,0.29
0.63,0.91,0.28
0.62,0.91,0.27
0.63,0.92,0.26
0.64,0.93,0.26
0.66,0.95,0.26
0.68,0.97,0.26
0.7,1,0.24
0.73,1.05,0.22
0.76,1.11,0.23
0.8,1.17,0.25
0.79,1.19,0.27
0.77,1.16,0.26
0.76,1.09,0.24
0.75,1.01,0.22
0.76,0.95,0.23
0.74,0.89,0.23
0.7,0.84,0.22
0.65,0.77,0.2
0.61,0.71,0.17
0.58,0.65,0.14
0.55,0.63,0.11
0.52,0.63,0.11
0.45,0.65,0.11
0.43,0.68,0.12
0.41,0.71,0.11
0.43,0.74,0.12
0.46,0.79,0.14
0.48,0.83,0.15
0.49,0.84,0.14
0.49,0.84,0.13
0.47,0.84,0.13
0.44,0.83,0.14
0.42,0.81,0.16
0.42,0.77,0.18
0.42,0.73,0.18
0.42,0.73,0.2
0.42,0.73,0.22
0.43,0.71,0.23
0.41,0.72,0.24
0.4,0.74,0.27
0.42,0.72,0.29
0.42,0.7,0.3
0.41,0.7,0.31
0.4,0.68,0.32
0.4,0.66,0.33
0.41,0.67,0.36
0.39,0.68,0.4
0.37,0.68,0.46
0.35,0.7,0.5
0.32,0.72,0.52
0.31,0.71,0.49
